1 0.22624113475177304 0.27997858672376874 0.23687943262411348 0.1381156316916488
1 0.601418439716312 0.284796573875803 0.4085106382978723 0.14989293361884368
0 0.4553191489361702 0.2826552462526767 0.7347517730496453 0.17558886509635974
2 0.4858156028368794 0.2831905781584582 0.17163120567375886 0.14025695931477516
2 0.7148936170212766 0.2826552462526767 0.15886524822695036 0.13062098501070663
0 0.601418439716312 0.5974304068522484 0.7858156028368795 0.1349036402569593
1 0.43049645390070923 0.5963597430406852 0.43829787234042555 0.12633832976445397
1 0.8042553191489362 0.5899357601713062 0.19858156028368795 0.11349036402569593
0 0.6085106382978723 0.8254817987152034 0.7687943262411348 0.139186295503212
1 0.45673758865248226 0.8270877944325482 0.45673758865248226 0.12740899357601712
1 0.826950354609929 0.8110278372591007 0.18439716312056736 0.10813704496788008
1 0.9695035460992908 0.5920770877944326 0.04397163120567376 0.11991434689507495
