1 0.3247863247863248 0.41167023554603854 0.23076923076923078 0.07601713062098502
1 0.5655270655270656 0.4057815845824411 0.21367521367521367 0.06638115631691649
0 0.4444444444444444 0.41113490364025695 0.49572649572649574 0.08779443254817987
1 0.33404558404558404 0.525695931477516 0.2378917378917379 0.0728051391862955
1 0.655982905982906 0.5214132762312634 0.3547008547008547 0.0728051391862955
0 0.5263532763532763 0.5224839400428265 0.6396011396011396 0.08137044967880086
1 0.33974358974358976 0.645610278372591 0.24074074074074073 0.06209850107066381
1 0.6089743589743589 0.6365096359743041 0.25783475783475784 0.06531049250535331
0 0.47435897435897434 0.6418629550321199 0.5441595441595442 0.07387580299785867
2 0.5106837606837606 0.40417558886509636 0.09829059829059829 0.061027837259100645
2 0.6296296296296297 0.40417558886509636 0.08547008547008547 0.061027837259100645
2 0.5299145299145299 0.5198072805139187 0.09971509971509972 0.06745182012847965
2 0.6481481481481481 0.5187366167023555 0.08547008547008547 0.069593147751606
2 0.7678062678062678 0.5187366167023555 0.1111111111111111 0.06745182012847965
2 0.5334757834757835 0.6370449678800857 0.10398860398860399 0.06209850107066381
2 0.6680911680911681 0.6354389721627409 0.10541310541310542 0.061027837259100645
1 0.5370370370370371 0.7446466809421841 0.09686609686609686 0.03747323340471092
1 0.7243589743589743 0.734475374732334 0.18091168091168092 0.032119914346895075
0 0.22507122507122507 0.8094218415417559 0.18233618233618235 0.06638115631691649
0 0.3383190883190883 0.262847965738758 0.34615384615384615 0.07815845824411134
1 0.22364672364672364 0.2633832976445396 0.1111111111111111 0.07066381156316917
1 0.4017094017094017 0.2633832976445396 0.20512820512820512 0.0728051391862955
2 0.3454415954415954 0.26177730192719484 0.0868945868945869 0.06745182012847965
2 0.4586894586894587 0.2639186295503212 0.08547008547008547 0.069593147751606
