1 0.7848932676518884 0.1377049180327869 0.07881773399014778 0.05027322404371585
1 0.31444991789819376 0.1726775956284153 0.13628899835796388 0.03715846994535519
1 0.8251231527093597 0.25136612021857924 0.13628899835796388 0.048087431693989074
1 0.2889983579638752 0.28032786885245903 0.08210180623973727 0.040437158469945354
1 0.5697865353037767 0.260655737704918 0.15763546798029557 0.040437158469945354
1 0.5607553366174056 0.15081967213114755 0.14285714285714285 0.041530054644808745
1 0.2963875205254516 0.21475409836065573 0.10016420361247948 0.04480874316939891
1 0.5599343185550082 0.19289617486338798 0.1412151067323481 0.04262295081967213
1 0.3341543513957307 0.34590163934426227 0.1724137931034483 0.040437158469945354
1 0.5722495894909688 0.33169398907103825 0.16584564860426929 0.04480874316939891
1 0.8448275862068966 0.326775956284153 0.18226600985221675 0.06120218579234973
1 0.36042692939244664 0.3945355191256831 0.13957307060755336 0.04371584699453552
1 0.35467980295566504 0.46885245901639344 0.1444991789819376 0.04590163934426229
1 0.5254515599343186 0.46229508196721314 0.17405582922824303 0.048087431693989074
0 0.4433497536945813 0.4666666666666667 0.3579638752052545 0.05027322404371585
1 0.3136288998357964 0.5398907103825137 0.1444991789819376 0.04371584699453552
1 0.31773399014778325 0.5846994535519126 0.15270935960591134 0.048087431693989074
1 0.28160919540229884 0.6333333333333333 0.07717569786535304 0.046994535519125684
1 0.2832512315270936 0.6825136612021858 0.08045977011494253 0.04918032786885246
1 0.3185550082101806 0.7295081967213115 0.1477832512315271 0.053551912568306013
1 0.30623973727422005 0.7814207650273224 0.12315270935960591 0.048087431693989074
1 0.33169129720853857 0.8333333333333334 0.17733990147783252 0.053551912568306013
1 0.5796387520525451 0.8420765027322404 0.16091954022988506 0.05573770491803279
1 0.5747126436781609 0.7885245901639344 0.15763546798029557 0.05573770491803279
1 0.5623973727422004 0.73224043715847 0.1297208538587849 0.05027322404371585
1 0.5599343185550082 0.6830601092896175 0.12479474548440066 0.05245901639344262
1 0.5476190476190477 0.6306010928961748 0.10344827586206896 0.05027322404371585
1 0.5829228243021346 0.5819672131147541 0.17077175697865354 0.04480874316939891
1 0.5689655172413793 0.5355191256830601 0.14614121510673234 0.04371584699453552
1 0.8415435139573071 0.5300546448087432 0.15270935960591134 0.048087431693989074
1 0.8087027914614121 0.578688524590164 0.08702791461412152 0.04918032786885246
1 0.8160919540229885 0.6278688524590164 0.09523809523809523 0.04918032786885246
1 0.8407224958949097 0.6781420765027323 0.13136288998357964 0.05136612021857923
1 0.8407224958949097 0.7300546448087432 0.12807881773399016 0.05027322404371585
1 0.867816091954023 0.7830601092896174 0.1724137931034483 0.04918032786885246
1 0.8653530377668309 0.8377049180327869 0.16420361247947454 0.053551912568306013
2 0.4671592775041051 0.4633879781420765 0.060755336617405585 0.041530054644808745
2 0.5574712643678161 0.46120218579234973 0.09688013136288999 0.04371584699453552
