0 0.21523579201934703 0.18597691321077384 0.24667472793228537 0.08123129542539546
0 0.5232769044740024 0.18448054724241128 0.25211608222490933 0.08251389482684908
0 0.8422007255139057 0.18469431380932022 0.23821039903264812 0.08208636169303121
0 0.21553808948004838 0.27939290294997865 0.24848851269649336 0.07567336468576315
0 0.526602176541717 0.2774690038477982 0.2539298669891173 0.0735356990166738
0 0.840689238210399 0.27725523728088924 0.2400241837968561 0.0748182984181274
1 0.1605199516324063 0.1851218469431381 0.1336154776299879 0.0735356990166738
1 0.2959492140266022 0.18533561351004701 0.07920193470374849 0.0748182984181274
1 0.46765417170495766 0.18448054724241128 0.13603385731559856 0.06968790081231295
1 0.6042926239419589 0.18619067977768278 0.07799274486094317 0.07310816588285592
1 0.7908101571946796 0.18362548097477555 0.12817412333736397 0.07139803334758443
1 0.9241233373639661 0.1874732791791364 0.07315598548972188 0.07396323215049166
1 0.16324062877871826 0.27960666951688756 0.14026602176541716 0.06584010260795212
1 0.2980652962515115 0.2785378366823429 0.07376058041112454 0.06883283454467722
1 0.46825876662636035 0.2776827704147071 0.1336154776299879 0.0645575032064985
1 0.6058041112454655 0.27939290294997865 0.07255139056831923 0.0705429670799487
1 0.7889963724304716 0.278110303548525 0.13059250302297462 0.06626763574176998
1 0.9232164449818622 0.2798204360837965 0.06650544135429262 0.06541256947413425
