0 0.18497109826589594 0.19254341164453523 0.11560693641618497 0.04187946884576098
0 0.1842485549132948 0.2390194075587334 0.11127167630057803 0.04085801838610827
0 0.1856936416184971 0.2844739530132789 0.11416184971098266 0.03983656792645557
0 0.2073699421965318 0.32788559754851887 0.15173410404624277 0.04290091930541369
0 0.509393063583815 0.19152196118488254 0.15173410404624277 0.043922369765066395
0 0.47109826589595377 0.2379979570990807 0.07514450867052024 0.0449438202247191
0 0.48627167630057805 0.2839632277834525 0.10549132947976879 0.04290091930541369
0 0.49710982658959535 0.32737487231869256 0.12716763005780346 0.03983656792645557
0 0.815028901734104 0.195097037793667 0.14450867052023122 0.04290091930541369
0 0.8157514450867052 0.2410623084780388 0.14595375722543352 0.0449438202247191
0 0.7969653179190751 0.28600612870275793 0.11127167630057803 0.04085801838610827
0 0.8157514450867052 0.33043922369765066 0.14884393063583815 0.045965270684371805
0 0.24638728323699421 0.39376915219611847 0.2239884393063584 0.0296220633299285
0 0.2384393063583815 0.4193054136874362 0.20520231213872833 0.021450459652706845
0 0.23916184971098267 0.4463738508682329 0.20664739884393063 0.024514811031664963
0 0.25072254335260113 0.4734422880490296 0.22976878612716764 0.02553626149131767
0 0.24060693641618497 0.49948927477017363 0.20953757225433525 0.024514811031664963
0 0.2543352601156069 0.5240040858018387 0.23699421965317918 0.02247191011235955
0 0.7109826589595376 0.4433094994892748 0.24566473988439305 0.024514811031664963
0 0.7196531791907514 0.47191011235955055 0.25722543352601157 0.028600612870275793
0 0.713150289017341 0.5005107252298263 0.24421965317919075 0.02247191011235955
0 0.7333815028901735 0.5275791624106231 0.2846820809248555 0.02349336057201226
0 0.7174855491329479 0.601123595505618 0.23265895953757226 0.027579162410623085
0 0.20953757225433525 0.6087844739530133 0.14450867052023122 0.04290091930541369
0 0.21459537572254336 0.6521961184882533 0.1546242774566474 0.03779366700715015
0 0.21604046242774566 0.6981613891726252 0.16040462427745664 0.04187946884576098
0 0.22687861271676302 0.7431052093973443 0.1791907514450867 0.03779366700715015
0 0.23627167630057805 0.7880490296220634 0.19797687861271676 0.04187946884576098
0 0.2384393063583815 0.8314606741573034 0.20520231213872833 0.03881511746680286
0 0.25578034682080925 0.8687436159346271 0.24277456647398843 0.027579162410623085
0 0.6567919075144508 0.6373850868232891 0.11127167630057803 0.04290091930541369
0 0.653179190751445 0.6823289070480082 0.10404624277456648 0.0449438202247191
0 0.6596820809248555 0.7267620020429009 0.11705202312138728 0.043922369765066395
0 0.6784682080924855 0.7696629213483146 0.1546242774566474 0.04187946884576098
0 0.6791907514450867 0.8120531154239019 0.15895953757225434 0.0449438202247191
0 0.6972543352601156 0.856996935648621 0.1893063583815029 0.0449438202247191
1 0.7774566473988439 0.2390194075587334 0.06936416184971098 0.03677221654749745
1 0.8554913294797688 0.23850868232890704 0.057803468208092484 0.02553626149131767
1 0.16329479768786126 0.19254341164453523 0.06358381502890173 0.03575076608784474
1 0.22254335260115607 0.1930541368743616 0.028901734104046242 0.020429009193054137
1 0.1611271676300578 0.2390194075587334 0.06213872832369942 0.03881511746680286
1 0.21604046242774566 0.23646578140960164 0.02167630057803468 0.017364657814096015
1 0.1611271676300578 0.2839632277834525 0.06213872832369942 0.03677221654749745
1 0.22109826589595374 0.28243105209397346 0.02601156069364162 0.01940755873340143
1 0.17846820809248554 0.3289070480081716 0.09393063583815028 0.03677221654749745
1 0.26083815028901736 0.32839632277834524 0.03901734104046243 0.021450459652706845
1 0.47109826589595377 0.2849846782431052 0.06647398843930635 0.03881511746680286
1 0.4718208092485549 0.32737487231869256 0.0708092485549133 0.033707865168539325
1 0.5346820809248555 0.329417773237998 0.031791907514450865 0.021450459652706845
1 0.4913294797687861 0.1920326864147089 0.1069364161849711 0.03881511746680286
1 0.7969653179190751 0.19560776302349336 0.10260115606936417 0.03983656792645557
1 0.796242774566474 0.33094994892747703 0.10404624277456648 0.04290091930541369
1 0.773121387283237 0.2844739530132789 0.057803468208092484 0.03575076608784474
1 0.17702312138728324 0.6986721144024515 0.0708092485549133 0.03881511746680286
1 0.2586705202312139 0.6991828396322778 0.06069364161849711 0.03983656792645557
1 0.18208092485549132 0.7436159346271706 0.0838150289017341 0.03472931562819203
1 0.634393063583815 0.6389172625127681 0.06358381502890173 0.03983656792645557
1 0.6336705202312138 0.6828396322778345 0.059248554913294796 0.03983656792645557
1 0.6380057803468208 0.7257405515832482 0.0708092485549133 0.03779366700715015
1 0.6430635838150289 0.7691521961184883 0.08092485549132948 0.03677221654749745
1 0.7203757225433526 0.7681307456588355 0.05346820809248555 0.03472931562819203
1 0.7160404624277457 0.8125638406537283 0.06502890173410404 0.04187946884576098
1 0.6394508670520231 0.8115423901940756 0.0708092485549133 0.03779366700715015
1 0.6437861271676301 0.8585291113381001 0.07658959537572255 0.04187946884576098
1 0.740606936416185 0.8564862104187947 0.09104046242774566 0.04187946884576098
1 0.19147398843930635 0.8682328907048008 0.10549132947976879 0.024514811031664963
1 0.31647398843930635 0.8687436159346271 0.11560693641618497 0.02349336057201226
1 0.1842485549132948 0.8319713993871297 0.08815028901734104 0.03779366700715015
1 0.29190751445086704 0.8319713993871297 0.09248554913294797 0.03575076608784474
1 0.2875722543352601 0.7885597548518897 0.08670520231213873 0.03881511746680286
1 0.18280346820809248 0.7880490296220634 0.08526011560693642 0.03779366700715015
1 0.27673410404624277 0.7441266598569969 0.0708092485549133 0.03575076608784474
1 0.25216763005780346 0.6527068437180796 0.06791907514450866 0.03881511746680286
1 0.17196531791907516 0.6532175689479061 0.07225433526011561 0.03575076608784474
1 0.171242774566474 0.609805924412666 0.06502890173410404 0.03881511746680286
1 0.24855491329479767 0.609805924412666 0.06069364161849711 0.03881511746680286
1 0.6466763005780347 0.3917262512768131 0.10549132947976879 0.021450459652706845
1 0.778179190751445 0.39427987742594484 0.13439306358381503 0.02247191011235955
0 0.7189306358381503 0.3917262512768131 0.2586705202312139 0.02349336057201226
0 0.7304913294797688 0.4177732379979571 0.27601156069364163 0.02247191011235955
1 0.6575144508670521 0.601123595505618 0.10115606936416185 0.021450459652706845
1 0.7752890173410405 0.601123595505618 0.10549132947976879 0.01940755873340143
1 0.6958092485549133 0.6353421859039836 0.02745664739884393 0.02247191011235955
1 0.684971098265896 0.6802860061287027 0.02023121387283237 0.020429009193054137
1 0.7030346820809249 0.7221654749744637 0.024566473988439308 0.02247191011235955
1 0.8735549132947977 0.3268641470888662 0.024566473988439308 0.028600612870275793
1 0.8338150289017341 0.28345250255362614 0.02601156069364162 0.01940755873340143
1 0.8684971098265896 0.19152196118488254 0.023121387283236993 0.01940755873340143
1 0.44942196531791906 0.2390194075587334 0.023121387283236993 0.04085801838610827
1 0.48988439306358383 0.2379979570990807 0.023121387283236993 0.020429009193054137
1 0.5657514450867052 0.1940755873340143 0.024566473988439308 0.02247191011235955
1 0.18786127167630057 0.4453524004085802 0.09826589595375723 0.018386108273748723
1 0.29335260115606937 0.4453524004085802 0.0838150289017341 0.01634320735444331
1 0.29263005780346824 0.4193054136874362 0.09104046242774566 0.01940755873340143
1 0.18713872832369943 0.4198161389172625 0.09393063583815028 0.018386108273748723
1 0.18858381502890173 0.39376915219611847 0.09971098265895954 0.01940755873340143
1 0.2991329479768786 0.3927477017364658 0.09826589595375723 0.01940755873340143
1 0.19147398843930635 0.4729315628192033 0.10260115606936417 0.018386108273748723
1 0.3063583815028902 0.47191011235955055 0.1069364161849711 0.01634320735444331
1 0.28829479768786126 0.49948927477017363 0.10549132947976879 0.020429009193054137
1 0.17991329479768786 0.49948927477017363 0.08236994219653179 0.018386108273748723
1 0.19147398843930635 0.5250255362614913 0.10549132947976879 0.01634320735444331
1 0.315028901734104 0.5255362614913177 0.10982658959537572 0.017364657814096015
1 0.6640173410404624 0.5275791624106231 0.13728323699421965 0.01940755873340143
1 0.809971098265896 0.5286006128702758 0.12572254335260116 0.01940755873340143
1 0.6596820809248555 0.5005107252298263 0.12861271676300579 0.01634320735444331
1 0.7854046242774566 0.5005107252298263 0.09971098265895954 0.018386108273748723
1 0.6647398843930635 0.4724208375893769 0.13583815028901733 0.021450459652706845
1 0.7947976878612717 0.4729315628192033 0.09826589595375723 0.020429009193054137
1 0.7687861271676301 0.4453524004085802 0.12138728323699421 0.020429009193054137
1 0.6466763005780347 0.44433094994892747 0.10838150289017341 0.020429009193054137
1 0.6777456647398844 0.41726251276813076 0.16473988439306358 0.01940755873340143
1 0.8208092485549133 0.41828396322778344 0.09826589595375723 0.015321756894790603
