0 0.3893617021276596 0.5702036441586281 0.3475177304964539 0.04930332261521972
1 0.300709219858156 0.617363344051447 0.16453900709219857 0.04072883172561629
1 0.5354609929078015 0.6157556270096463 0.2765957446808511 0.04608788853161844
0 0.4460992907801418 0.617363344051447 0.46382978723404256 0.04930332261521972
0 0.424822695035461 0.6789924973204716 0.39858156028368796 0.02679528403001072
1 0.2822695035460993 0.6789924973204716 0.10780141843971631 0.02465166130760986
1 0.48226950354609927 0.6757770632368703 0.26666666666666666 0.022508038585209004
0 0.29432624113475175 0.7095391211146839 0.0524822695035461 0.02572347266881029
0 0.34397163120567376 0.7363344051446945 0.25957446808510637 0.021436227224008574
1 0.27588652482269505 0.7368703108252947 0.1148936170212766 0.020364415862808145
1 0.40921985815602835 0.7352625937834941 0.1148936170212766 0.01714898177920686
1 0.34397163120567376 0.7631296891747053 0.08368794326241134 0.021436227224008574
1 0.3177304964539007 0.762593783494105 0.028368794326241134 0.01822079314040729
1 0.36524822695035464 0.7615219721329046 0.029787234042553193 0.020364415862808145
0 0.3446808510638298 0.7872454448017149 0.06808510638297872 0.020364415862808145
1 0.324822695035461 0.7883172561629154 0.02553191489361702 0.020364415862808145
1 0.36028368794326243 0.7872454448017149 0.02553191489361702 0.01607717041800643
0 0.4085106382978723 0.8440514469453376 0.4 0.028938906752411574
1 0.2680851063829787 0.845123258306538 0.11063829787234042 0.028938906752411574
1 0.47092198581560285 0.8403001071811361 0.2695035460992908 0.030010718113612004
1 0.500709219858156 0.8670953912111469 0.32907801418439714 0.027867095391211148
1 0.49361702127659574 0.8933547695605574 0.3148936170212766 0.028938906752411574
1 0.324113475177305 0.4512325830653805 0.16595744680851063 0.04715969989281887
0 0.26382978723404255 0.17684887459807075 0.10212765957446808 0.023579849946409433
0 0.2652482269503546 0.2020364415862808 0.1049645390070922 0.02679528403001072
0 0.39574468085106385 0.26312968917470525 0.3574468085106383 0.05251875669882101
0 0.2907801418439716 0.22883172561629153 0.07092198581560284 0.022508038585209004
1 0.2851063829787234 0.2609860664523044 0.13049645390070921 0.04394426580921758
1 0.46808510638297873 0.2620578778135048 0.20141843971631207 0.04608788853161844
2 0.3900709219858156 0.26259378349410506 0.05106382978723404 0.04287245444801715
2 0.4581560283687943 0.26312968917470525 0.05673758865248227 0.04608788853161844
2 0.5347517730496454 0.2620578778135048 0.07092198581560284 0.04394426580921758
1 0.24468085106382978 0.2020364415862808 0.06099290780141844 0.022508038585209004
1 0.24609929078014184 0.17845659163987138 0.05815602836879433 0.020364415862808145
1 0.2957446808510638 0.17792068595927116 0.02127659574468085 0.01929260450160772
1 0.3 0.20364415862808147 0.02695035460992908 0.01929260450160772
0 0.40921985815602835 0.08360128617363344 0.3872340425531915 0.03644158628081458
1 0.451063829787234 0.10610932475884244 0.2950354609929078 0.030010718113612004
1 0.3971631205673759 0.1270096463022508 0.1900709219858156 0.02679528403001072
0 0.41702127659574467 0.36816720257234725 0.28936170212765955 0.05680600214362272
1 0.33900709219858155 0.36602357984994643 0.1276595744680851 0.04608788853161844
1 0.4907801418439716 0.36977491961414793 0.13900709219858157 0.04930332261521972
2 0.44893617021276594 0.36816720257234725 0.04680851063829787 0.04180064308681672
2 0.5219858156028369 0.36763129689174706 0.06808510638297872 0.04072883172561629
1 0.30141843971631205 0.5696677384780279 0.16595744680851063 0.04394426580921758
1 0.4794326241134752 0.5696677384780279 0.16170212765957448 0.04394426580921758
2 0.4269503546099291 0.5696677384780279 0.05390070921985816 0.03965702036441586
2 0.5120567375886524 0.5696677384780279 0.09078014184397164 0.03965702036441586
1 0.2560283687943262 0.07984994640943194 0.075177304964539 0.022508038585209004
1 0.4531914893617021 0.08467309753483387 0.29645390070921984 0.03215434083601286
2 0.3425531914893617 0.08145766345123258 0.07801418439716312 0.023579849946409433
2 0.49929078014184397 0.08681672025723473 0.20141843971631207 0.030010718113612004
