1 0.35815602836879434 0.41871657754010694 0.5234042553191489 0.10802139037433155
2 0.1595744680851064 0.41711229946524064 0.12340425531914893 0.10053475935828877
2 0.3198581560283688 0.41550802139037435 0.12340425531914893 0.09732620320855614
2 0.5191489361702127 0.41336898395721927 0.17872340425531916 0.10160427807486631
1 0.5042553191489362 0.5235294117647059 0.8212765957446808 0.1144385026737968
1 0.375177304964539 0.6802139037433155 0.7475177304964539 0.06417112299465241
2 0.08226950354609928 0.672192513368984 0.15886524822695036 0.0481283422459893
2 0.35106382978723405 0.6780748663101605 0.3049645390070922 0.05561497326203209
2 0.6453900709219859 0.6818181818181818 0.20709219858156028 0.06096256684491978
0 0.19078014184397163 0.8641711229946524 0.17446808510638298 0.059893048128342244
0 0.18368794326241134 0.9203208556149732 0.16312056737588654 0.058823529411764705
0 0.19078014184397163 0.8069518716577541 0.37872340425531914 0.06951871657754011
1 0.2851063829787234 0.8117647058823529 0.18156028368794327 0.057754010695187166
0 0.21560283687943263 0.9705882352941176 0.425531914893617 0.05668449197860963
1 0.08865248226950355 0.9679144385026738 0.16879432624113475 0.051336898395721926
1 0.3148936170212766 0.9754010695187165 0.22695035460992907 0.047058823529411764
