1 0.3465266558966074 0.4175757575757576 0.5250403877221325 0.09575757575757576
1 0.4975767366720517 0.5272727272727272 0.8303715670436187 0.11878787878787879
1 0.37479806138933763 0.6903030303030303 0.7495961227786753 0.07393939393939394
2 0.14620355411954766 0.41818181818181815 0.12439418416801293 0.08969696969696969
2 0.3069466882067851 0.41818181818181815 0.12277867528271405 0.09212121212121212
2 0.5096930533117933 0.41454545454545455 0.17932148626817448 0.0993939393939394
2 0.07512116316639741 0.6781818181818182 0.1470113085621971 0.04727272727272727
2 0.46365105008077545 0.6872727272727273 0.555735056542811 0.06060606060606061
0 0.1841680129240711 0.8157575757575758 0.36187399030694667 0.07272727272727272
1 0.07592891760904685 0.8078787878787879 0.14539579967689822 0.05454545454545454
1 0.27221324717285944 0.8212121212121212 0.17609046849757673 0.06181818181818182
0 0.17932148626817448 0.8775757575757576 0.17124394184168013 0.06303030303030303
0 0.17124394184168013 0.933939393939394 0.1518578352180937 0.05454545454545454
1 0.12520193861066237 0.8733333333333333 0.05654281098546042 0.044848484848484846
1 0.22213247172859452 0.8775757575757576 0.0630048465266559 0.04363636363636364
