1 0.24635332252836303 0.4440389294403893 0.19448946515397084 0.051094890510948905
0 0.3273905996758509 0.5772506082725061 0.41166936790923825 0.049878345498783457
1 0.22366288492706646 0.5772506082725061 0.19773095623987033 0.045012165450121655
1 0.42949756888168555 0.579683698296837 0.19448946515397084 0.049878345498783457
2 0.36709886547811993 0.5766423357664233 0.059967585089141004 0.043795620437956206
2 0.4692058346839546 0.5748175182481752 0.11183144246353323 0.04744525547445255
1 0.2179902755267423 0.6313868613138686 0.19286871961102106 0.05596107055961071
1 0.48946515397082657 0.6265206812652068 0.31766612641815234 0.0535279805352798
0 0.3873581847649919 0.6301703163017032 0.5348460291734197 0.05596107055961071
0 0.3606158833063209 0.7013381995133819 0.4619124797406807 0.032846715328467155
1 0.19611021069692058 0.7031630170316302 0.12317666126418152 0.029197080291970802
1 0.43354943273906 0.6982968369829684 0.3225283630470016 0.0340632603406326
2 0.34521880064829824 0.698905109489051 0.1426256077795786 0.027980535279805353
2 0.5089141004862237 0.6952554744525548 0.15235008103727715 0.027980535279805353
0 0.2714748784440843 0.7706812652068127 0.31280388978930307 0.030413625304136254
1 0.1880064829821718 0.7700729927007299 0.1426256077795786 0.0267639902676399
1 0.34764991896272285 0.7694647201946472 0.14100486223662884 0.025547445255474453
0 0.27228525121555913 0.7998783454987834 0.10048622366288493 0.027980535279805353
0 0.26904376012965964 0.8309002433090025 0.08103727714748785 0.0267639902676399
1 0.23987034035656402 0.8023114355231143 0.03565640194489465 0.025547445255474453
1 0.29821717990275526 0.7992700729927007 0.03889789303079417 0.021897810218978103
1 0.24554294975688817 0.8345498783454988 0.024311183144246355 0.024330900243309004
1 0.2901134521880065 0.8315085158150851 0.02593192868719611 0.02068126520681265
1 0.18071312803889789 0.8996350364963503 0.1312803889789303 0.030413625304136254
1 0.4205834683954619 0.8935523114355232 0.3225283630470016 0.03527980535279805
2 0.33144246353322526 0.8953771289537713 0.13776337115072934 0.029197080291970802
2 0.4967585089141005 0.8917274939172749 0.1539708265802269 0.029197080291970802
0 0.353322528363047 0.8972019464720195 0.47974068071312803 0.037712895377128956
2 0.3338735818476499 0.9251824817518248 0.14910858995137763 0.027980535279805353
2 0.44165316045380876 0.9227493917274939 0.04051863857374392 0.027980535279805353
2 0.5072933549432739 0.920316301703163 0.055105348460291734 0.027980535279805353
2 0.56645056726094 0.916058394160584 0.04376012965964344 0.0267639902676399
2 0.6215559157212318 0.916058394160584 0.050243111831442464 0.029197080291970802
2 0.31442463533225284 0.962287104622871 0.11021069692058347 0.0267639902676399
2 0.46353322528363045 0.9537712895377128 0.15235008103727715 0.021897810218978103
2 0.5656401944894651 0.948905109489051 0.029173419773095625 0.021897810218978103
2 0.6110210696920584 0.9464720194647201 0.03565640194489465 0.021897810218978103
0 0.44489465153970825 0.9562043795620438 0.37763371150729336 0.0364963503649635
0 0.3249594813614263 0.22931873479318735 0.4100486223662885 0.057177615571776155
0 0.3500810372771475 0.3467153284671533 0.3273905996758509 0.06082725060827251
1 0.26175040518638576 0.3424574209245742 0.14748784440842788 0.052311435523114354
1 0.4327390599675851 0.3448905109489051 0.1620745542949757 0.057177615571776155
2 0.3881685575364668 0.3448905109489051 0.06645056726094004 0.049878345498783457
2 0.4708265802269044 0.3448905109489051 0.07941653160453808 0.052311435523114354
0 0.17098865478119935 0.1332116788321168 0.12479740680713128 0.03527980535279805
0 0.1774716369529984 0.1599756690997567 0.13452188006482982 0.025547445255474453
1 0.26742301458670986 0.08029197080291971 0.09076175040518639 0.024330900243309004
1 0.34521880064829824 0.08394160583941605 0.03241491085899514 0.0267639902676399
1 0.38492706645056723 0.08454987834549878 0.024311183144246355 0.025547445255474453
1 0.42301458670988656 0.08819951338199514 0.02593192868719611 0.025547445255474453
2 0.39627228525121555 0.03527980535279805 0.13776337115072934 0.031630170316301706
2 0.5210696920583469 0.040145985401459854 0.07941653160453808 0.024330900243309004
1 0.19692058346839547 0.225669099756691 0.1507293354943274 0.04744525547445255
1 0.40842787682333875 0.22871046228710462 0.2366288492706645 0.0535279805352798
2 0.3225283630470016 0.22871046228710462 0.06482982171799027 0.04866180048661801
2 0.3978930307941653 0.22871046228710462 0.05672609400324149 0.04866180048661801
2 0.4829821717990275 0.22871046228710462 0.08103727714748785 0.051094890510948905
2 0.26499189627228525 0.029805352798053526 0.08589951377633712 0.025547445255474453
2 0.16369529983792544 0.024939172749391728 0.08103727714748785 0.025547445255474453
1 0.1620745542949757 0.0267639902676399 0.08752025931928688 0.031630170316301706
1 0.3905996758508914 0.03467153284671533 0.3371150729335494 0.037712895377128956
2 0.28768233387358183 0.05535279805352798 0.13452188006482982 0.030413625304136254
2 0.4165316045380875 0.05961070559610705 0.08427876823338736 0.0267639902676399
2 0.5145867098865479 0.06508515815085159 0.07941653160453808 0.023114355231143552
1 0.3897893030794165 0.05961070559610705 0.3419773095623987 0.0364963503649635
1 0.32576985413290116 0.08394160583941605 0.2171799027552674 0.0364963503649635
1 0.1507293354943274 0.13442822384428224 0.06807131280388978 0.027980535279805353
1 0.15153970826580226 0.16180048661800486 0.06320907617504051 0.019464720194647202
1 0.21150729335494328 0.13260340632603407 0.027552674230145867 0.0267639902676399
1 0.2188006482982172 0.1599756690997567 0.03241491085899514 0.02068126520681265
0 0.3419773095623987 0.03223844282238443 0.44408427876823336 0.045012165450121655
