0 0.164549 0.153748 0.213469 0.083863
0 0.515724 0.166455 0.317344 0.066074
0 0.311309 0.228081 0.516518 0.069886
0 0.151684 0.297967 0.199174 0.064803
0 0.190756 0.367853 0.286849 0.064803
0 0.190280 0.466328 0.264930 0.083863
0 0.320362 0.545743 0.372618 0.077510
0 0.518583 0.653113 0.957751 0.096569
0 0.378971 0.790978 0.661372 0.128335
3 0.114517 0.151207 0.033355 0.043202
3 0.395172 0.165184 0.017154 0.040661
3 0.529543 0.167726 0.032402 0.035578
3 0.118329 0.228081 0.027637 0.041931
3 0.366582 0.234435 0.024778 0.039390
3 0.115470 0.297967 0.027637 0.041931
3 0.106417 0.362770 0.024778 0.029225
3 0.269854 0.374206 0.023825 0.039390
3 0.163596 0.479034 0.028590 0.043202
3 0.156925 0.550191 0.019060 0.035578
3 0.429956 0.549555 0.033355 0.052097
3 0.122618 0.666455 0.022872 0.034307
3 0.289390 0.661372 0.028590 0.039390
3 0.727287 0.658831 0.021919 0.036849
3 0.117376 0.815121 0.027637 0.039390
3 0.290343 0.796696 0.026684 0.048285
3 0.545267 0.792249 0.031449 0.044473
2 0.081639 0.148666 0.030496 0.053367
2 0.196474 0.155019 0.126747 0.058450
2 0.375159 0.167726 0.017154 0.033037
2 0.455210 0.169632 0.099111 0.036849
2 0.605781 0.170267 0.118170 0.050826
2 0.471887 0.236976 0.174396 0.054638
2 0.238405 0.227446 0.212516 0.045743
2 0.080210 0.228717 0.048602 0.060991
2 0.082116 0.299873 0.040978 0.050826
2 0.189327 0.300508 0.104828 0.049555
2 0.075921 0.369759 0.022872 0.043202
2 0.185515 0.367217 0.112452 0.038119
2 0.303685 0.367217 0.040025 0.048285
2 0.105464 0.473316 0.074333 0.062262
2 0.248412 0.474587 0.133418 0.057179
2 0.287961 0.549555 0.239199 0.059720
2 0.469504 0.550191 0.041931 0.055909
2 0.078304 0.662643 0.050508 0.080051
2 0.865470 0.659466 0.237294 0.071156
2 0.083069 0.815756 0.044790 0.063532
2 0.631036 0.792884 0.138183 0.091487
1 0.201715 0.659466 0.123888 0.071156
1 0.508577 0.656290 0.398348 0.080051
1 0.224111 0.794155 0.069568 0.111817
1 0.451398 0.791614 0.154384 0.094028
2 0.152160 0.813850 0.030496 0.057179
2 0.330368 0.789708 0.028590 0.069886
4 0.357052 0.787802 0.019060 0.035578
4 0.183609 0.810038 0.017154 0.031766