0 0.353717 0.113088 0.168679 0.063532
3 0.333704 0.114358 0.016201 0.027954
2 0.303208 0.108005 0.044790 0.040661
2 0.384212 0.112452 0.079098 0.039390
0 0.266518 0.201398 0.316391 0.105464
3 0.173126 0.212198 0.022872 0.033037
4 0.267948 0.212198 0.027637 0.040661
1 0.378018 0.195680 0.080051 0.071156
2 0.355623 0.201398 0.126747 0.082592
2 0.220299 0.216010 0.058132 0.063532
2 0.136912 0.209657 0.051461 0.066074
0 0.239358 0.293520 0.273507 0.076239
3 0.170267 0.300508 0.022872 0.036849
1 0.227446 0.297332 0.078145 0.066074
2 0.134530 0.301779 0.042884 0.052097
2 0.337516 0.303685 0.073380 0.048285
3 0.285578 0.290978 0.019060 0.030496
0 0.432338 0.416773 0.327827 0.106734
1 0.297014 0.420584 0.043837 0.083863
3 0.338945 0.423761 0.030496 0.047014
3 0.500476 0.419314 0.031449 0.053367
2 0.421855 0.416773 0.125794 0.086404
2 0.552414 0.419949 0.081957 0.074968
0 0.911213 0.406607 0.136277 0.063532
2 0.869759 0.407243 0.043837 0.041931
3 0.896442 0.406607 0.019060 0.033037
2 0.940280 0.409149 0.070521 0.045743
0 0.404225 0.542567 0.359276 0.121982
2 0.514295 0.544473 0.112452 0.074968
3 0.450445 0.548285 0.022872 0.036849
2 0.374206 0.541931 0.121982 0.092757
1 0.259848 0.550191 0.047649 0.078780
3 0.297490 0.556544 0.016201 0.033037
2 0.394695 0.520966 0.075286 0.035578
4 0.394695 0.522236 0.012389 0.015248
2 0.442821 0.393901 0.081957 0.040661
4 0.443475 0.391783 0.014150 0.019637
0 0.349717 0.667090 0.523276 0.084325
2 0.149590 0.669400 0.102229 0.061222
2 0.407329 0.671133 0.366466 0.057757
4 0.450647 0.674021 0.026857 0.045050
4 0.365744 0.676331 0.018193 0.024258
4 0.308565 0.672866 0.018193 0.026568
4 0.538148 0.676331 0.018193 0.024258
0 0.825777 0.691348 0.210523 0.100497
3 0.795021 0.676331 0.017327 0.026568
3 0.795455 0.710408 0.019926 0.027723
2 0.754736 0.679219 0.061511 0.060067
2 0.856099 0.674021 0.101363 0.042740
2 0.863896 0.713296 0.116957 0.042740
0 0.454979 0.739864 0.525875 0.056602
3 0.211534 0.735821 0.014728 0.025413
3 0.215433 0.670556 0.019060 0.028878
2 0.262216 0.673443 0.076239 0.043895
2 0.340620 0.672012 0.030322 0.052584
2 0.399909 0.670957 0.050135 0.046959
2 0.501423 0.670957 0.060908 0.048064
2 0.565853 0.672615 0.039777 0.051378
2 0.566267 0.742500 0.105243 0.044196
2 0.670474 0.743882 0.082454 0.042539
2 0.454395 0.741119 0.045578 0.042539
2 0.383128 0.740567 0.066295 0.040329
2 0.278307 0.741211 0.115947 0.042355
4 0.343310 0.743094 0.007412 0.016942
4 0.424844 0.743329 0.011648 0.021177
4 0.500024 0.744741 0.023648 0.029648
4 0.624265 0.748035 0.008118 0.016471
0 0.267210 0.846102 0.152478 0.065775
0 0.206667 0.841244 0.021302 0.045594
2 0.280944 0.848718 0.116040 0.053068
2 0.277300 0.913372 0.130055 0.056805
3 0.199940 0.912251 0.022423 0.029150
0 0.262725 0.914119 0.169295 0.064280
0 0.913278 0.545224 0.160275 0.073929
2 0.865629 0.544646 0.042451 0.049671
2 0.944900 0.544646 0.076239 0.045050
3 0.896312 0.543491 0.012995 0.024258