0 0.252224 0.107370 0.280178 0.077510
0 0.182179 0.190597 0.155337 0.058450
0 0.190756 0.263659 0.162961 0.067344
0 0.635801 0.173443 0.330686 0.135959
0 0.586722 0.304956 0.182973 0.076239
0 0.192662 0.374841 0.183926 0.071156
0 0.217916 0.459339 0.234435 0.072427
0 0.174079 0.538755 0.158196 0.063532
0 0.502382 0.453621 0.162961 0.076239
0 0.696315 0.534307 0.487929 0.067344
0 0.554320 0.608640 0.207751 0.063532
0 0.216010 0.724269 0.238247 0.073698
0 0.201715 0.808767 0.198221 0.064803
0 0.193139 0.885642 0.177255 0.068615
0 0.416137 0.809403 0.165820 0.063532
0 0.411849 0.885642 0.170584 0.060991
0 0.727764 0.834816 0.276366 0.111817
0 0.714422 0.928208 0.194409 0.057179
3 0.165661 0.118170 0.025254 0.031766
3 0.171379 0.193139 0.023348 0.029225
3 0.178050 0.268742 0.026207 0.035578
3 0.517551 0.189327 0.025731 0.036849
3 0.516121 0.306861 0.022872 0.027954
3 0.470616 0.464104 0.021919 0.036213
3 0.467996 0.532402 0.027160 0.038119
3 0.462754 0.610546 0.025254 0.035578
3 0.170664 0.381830 0.025254 0.034307
3 0.161134 0.456798 0.029066 0.030496
3 0.164708 0.539708 0.026684 0.032402
3 0.164946 0.731258 0.025254 0.034307
3 0.159705 0.804638 0.027160 0.027319
3 0.154463 0.879924 0.023348 0.027954
3 0.381036 0.808450 0.026684 0.031131
3 0.369803 0.887548 0.026278 0.029225
3 0.631433 0.849746 0.022395 0.031131
3 0.632624 0.924714 0.020966 0.027319
2 0.133274 0.112914 0.033355 0.051403
2 0.286401 0.106272 0.208791 0.063532
2 0.134790 0.191752 0.046783 0.050826
2 0.222941 0.190308 0.063677 0.046783
2 0.139555 0.268569 0.047649 0.056602
2 0.235936 0.261349 0.075806 0.058334
2 0.490427 0.185688 0.024258 0.056024
2 0.603702 0.306688 0.148579 0.065843
2 0.443644 0.457145 0.034221 0.044473
2 0.529196 0.456567 0.084036 0.059489
2 0.133274 0.381772 0.050248 0.053136
2 0.230305 0.379750 0.085769 0.052559
2 0.125260 0.455412 0.036820 0.049093
2 0.250664 0.460610 0.148146 0.062955
2 0.124827 0.537715 0.044617 0.050826
2 0.214494 0.535116 0.063677 0.056024
2 0.560601 0.611355 0.158975 0.054869
2 0.709614 0.534827 0.447470 0.060067
1 0.665213 0.169805 0.264237 0.113203
1 0.752330 0.835451 0.211642 0.101652
2 0.722549 0.928102 0.152875 0.045532
2 0.605234 0.846393 0.028060 0.046590
2 0.352693 0.810744 0.025942 0.045885
2 0.444286 0.810391 0.097946 0.049414
2 0.433962 0.886630 0.093181 0.050826
2 0.343163 0.886630 0.024884 0.043767
2 0.129006 0.728152 0.047649 0.062826
2 0.255277 0.725681 0.149831 0.062121
2 0.124506 0.807214 0.032296 0.048708
2 0.229864 0.806509 0.125476 0.052944
2 0.219804 0.885924 0.105358 0.052238
2 0.124771 0.882747 0.031766 0.048708