0 0.299873 0.111182 0.468869 0.082592
0 0.211245 0.203304 0.160102 0.076239
0 0.465216 0.360864 0.824333 0.149936
0 0.434244 0.560991 0.785260 0.120712
0 0.489994 0.756671 0.912008 0.130877
0 0.423285 0.880559 0.445044 0.096569
3 0.156925 0.111182 0.034307 0.041931
3 0.161213 0.203304 0.031449 0.038119
3 0.216487 0.396442 0.039072 0.040661
3 0.662484 0.376747 0.031449 0.049555
3 0.190756 0.590216 0.023825 0.036849
3 0.611023 0.565438 0.033355 0.048285
3 0.220775 0.785896 0.028590 0.044473
3 0.220299 0.889454 0.027637 0.045743
3 0.348475 0.112452 0.327827 0.064803
4 0.104511 0.107370 0.070521 0.062262
4 0.230305 0.200762 0.095299 0.055909
4 0.125000 0.391360 0.128653 0.078780
4 0.783990 0.348158 0.175349 0.076239
4 0.727287 0.541296 0.176302 0.066074
4 0.109752 0.585133 0.134371 0.067344
4 0.115470 0.785260 0.141995 0.071156
4 0.340375 0.886277 0.204892 0.077510
4 0.568615 0.884371 0.142948 0.076239
3 0.481893 0.886277 0.043837 0.029225
2 0.426620 0.363405 0.373571 0.137230
2 0.400889 0.563532 0.364041 0.100381
2 0.585292 0.752224 0.704257 0.111817
1 0.351334 0.113723 0.024778 0.036849
1 0.466169 0.118806 0.018107 0.031766
1 0.380400 0.736976 0.027637 0.025413
1 0.564327 0.734435 0.033355 0.027954