0 0.226493 0.209657 0.272554 0.073698
0 0.528590 0.325921 0.869123 0.123253
0 0.619600 0.447268 0.567027 0.116900
0 0.483323 0.553367 0.277319 0.087675
0 0.176461 0.672808 0.185832 0.115629
0 0.338945 0.766836 0.385006 0.085133
0 0.320839 0.865311 0.352605 0.109276
3 0.207433 0.215375 0.032402 0.036849
3 0.155972 0.341804 0.020966 0.033037
3 0.363723 0.317027 0.036213 0.041931
3 0.362294 0.479670 0.031449 0.034307
3 0.364676 0.556544 0.030496 0.035578
3 0.174555 0.689327 0.031449 0.034307
3 0.170743 0.782084 0.033355 0.036849
3 0.167884 0.873571 0.027637 0.036849
4 0.139242 0.218551 0.084498 0.073698
4 0.299661 0.215587 0.135959 0.067768
4 0.125582 0.342228 0.041931 0.049979
4 0.602711 0.586616 0.002541 0.000000
4 0.498835 0.551038 0.224269 0.071156
4 0.128124 0.691233 0.059720 0.064380
2 0.258895 0.317662 0.137230 0.099111
2 0.671537 0.323380 0.564168 0.095299
2 0.635324 0.447903 0.518424 0.092757
2 0.235070 0.674079 0.064803 0.082592
2 0.362294 0.775095 0.317344 0.060991
2 0.334180 0.864676 0.297332 0.085133