0 0.231258 0.221093 0.274460 0.066074
0 0.294155 0.432020 0.392630 0.071156
0 0.210292 0.520966 0.169632 0.068615
0 0.904066 0.519695 0.148666 0.073698
0 0.906925 0.639136 0.129606 0.055909
0 0.561944 0.713469 0.848158 0.059720
0 0.200762 0.655019 0.175349 0.054638
0 0.447109 0.588310 0.584180 0.050826
0 0.195521 0.786531 0.168679 0.053367
0 0.582433 0.843075 0.824333 0.067344
0 0.354670 0.911690 0.336404 0.036849
0 0.432338 0.947268 0.285896 0.049555
0 0.719187 0.934562 0.192503 0.052097
0 0.592440 0.073698 0.219187 0.060991
0 0.669632 0.022872 0.373571 0.045743
0 0.219346 0.159466 0.271601 0.054638
3 0.505385 0.020270 0.019060 0.024808
3 0.500393 0.076239 0.020875 0.029043
3 0.275080 0.160949 0.020421 0.029043
3 0.230607 0.222363 0.019514 0.030859
3 0.149377 0.431415 0.019514 0.027833
3 0.168663 0.527924 0.018152 0.032069
3 0.218128 0.591456 0.021783 0.026018
3 0.478384 0.586616 0.022236 0.030859
3 0.871377 0.520663 0.019514 0.026018
3 0.880226 0.642585 0.015429 0.027833
3 0.159360 0.657409 0.020421 0.027228
3 0.215405 0.722757 0.018152 0.022388
3 0.478838 0.714588 0.017698 0.026623
3 0.722303 0.713983 0.025413 0.025413
3 0.153234 0.788104 0.019967 0.026018
3 0.207917 0.851032 0.021329 0.028438
3 0.478384 0.843468 0.020421 0.026623
3 0.695075 0.842258 0.022690 0.024203
3 0.288014 0.915774 0.017245 0.023598
3 0.484510 0.911539 0.016337 0.019967
3 0.480426 0.947238 0.018152 0.022388
3 0.669208 0.935742 0.020875 0.024808
2 0.603143 0.074305 0.177338 0.040329
1 0.686012 0.019336 0.333959 0.037567
2 0.175336 0.159936 0.169466 0.043644
2 0.317662 0.159936 0.057179 0.041434
2 0.156690 0.222363 0.115601 0.046959
2 0.302746 0.224849 0.120159 0.050826
2 0.121057 0.441965 0.026932 0.050826
2 0.235208 0.435335 0.140876 0.066295
2 0.339751 0.436827 0.036720 0.040108
2 0.431399 0.431744 0.099028 0.046959
2 0.232929 0.525109 0.104828 0.054693
2 0.145089 0.527319 0.031904 0.043644
2 0.192945 0.593061 0.023203 0.037015
2 0.331957 0.590299 0.198470 0.039224
1 0.609773 0.584774 0.232860 0.055798
2 0.850920 0.517927 0.029004 0.046959
2 0.925294 0.516546 0.092398 0.048616
2 0.857549 0.641677 0.024861 0.038119
2 0.928609 0.641125 0.080797 0.043644
2 0.132866 0.655765 0.027347 0.045301
2 0.228993 0.656870 0.111872 0.046406
2 0.190252 0.721507 0.026932 0.038672
2 0.320770 0.720126 0.192669 0.050273
2 0.593199 0.713773 0.198884 0.044196
1 0.859000 0.711287 0.234932 0.050273
1 0.846984 0.841390 0.273051 0.054141
2 0.579526 0.844428 0.173195 0.054693
2 0.335272 0.845810 0.225816 0.050826
2 0.186109 0.850782 0.023617 0.030938
2 0.228371 0.920115 0.065880 0.038119
2 0.376706 0.914038 0.149577 0.042539
2 0.364275 0.954643 0.134661 0.046406
2 0.508259 0.912104 0.020717 0.025413
2 0.532705 0.946633 0.075410 0.039224
2 0.217184 0.784211 0.108143 0.040329
2 0.129551 0.787802 0.024861 0.043092
2 0.646442 0.940003 0.025275 0.034805
2 0.742569 0.937517 0.120573 0.040882
4 0.373041 0.434562 0.018424 0.032190