0 0.213628 0.082592 0.183926 0.083863
0 0.545743 0.075604 0.352605 0.067344
0 0.496188 0.159466 0.264930 0.077510
0 0.680591 0.209022 0.182020 0.057179
0 0.345616 0.285260 0.501271 0.105464
0 0.174555 0.426938 0.109593 0.071156
0 0.386118 0.425667 0.149619 0.066074
0 0.201715 0.503177 0.162008 0.053367
0 0.333704 0.578780 0.427891 0.097840
0 0.365629 0.693139 0.478399 0.085133
0 0.181226 0.793520 0.119123 0.059720
0 0.187897 0.899619 0.138183 0.068615
0 0.453780 0.793520 0.229670 0.074968
0 0.438532 0.885006 0.153431 0.059720
0 0.670584 0.950445 0.531766 0.081321
3 0.186256 0.088945 0.023507 0.028801
3 0.481364 0.087675 0.017789 0.029648
3 0.583333 0.159255 0.023507 0.035578
3 0.647501 0.205421 0.017154 0.031343
3 0.146866 0.302838 0.024778 0.029648
3 0.233270 0.282931 0.022236 0.032190
3 0.413384 0.281237 0.024142 0.032190
3 0.179267 0.431597 0.022236 0.024566
3 0.375265 0.429903 0.024142 0.033037
3 0.172914 0.500212 0.022236 0.026260
3 0.172914 0.590428 0.023507 0.030496
3 0.416561 0.574756 0.027954 0.038119
3 0.161796 0.695044 0.026684 0.027954
3 0.264401 0.693350 0.027319 0.036425
3 0.409255 0.689115 0.027319 0.038119
3 0.170690 0.796696 0.019060 0.027954
3 0.402266 0.790343 0.022236 0.032190
3 0.163066 0.897925 0.020330 0.025413
3 0.421326 0.891995 0.015883 0.027107
3 0.426726 0.955527 0.016518 0.030496
3 0.774566 0.944091 0.020966 0.038119
2 0.152266 0.086404 0.045743 0.052520
2 0.247882 0.080898 0.102287 0.055061
2 0.422279 0.084710 0.091487 0.052520
2 0.535366 0.084286 0.083863 0.051673
2 0.662114 0.080051 0.113723 0.053367
1 0.464845 0.157984 0.202033 0.066921
2 0.612241 0.152054 0.026684 0.048285
4 0.595087 0.085981 0.024142 0.029648
2 0.707539 0.203304 0.091487 0.047438
2 0.617006 0.207539 0.031131 0.040661
2 0.510589 0.271919 0.149936 0.049132
1 0.318086 0.284625 0.139771 0.076239
1 0.183715 0.280390 0.054003 0.077933
2 0.120817 0.308767 0.027319 0.048285
2 0.145595 0.432867 0.042567 0.055909
2 0.208810 0.428208 0.031766 0.048285
2 0.342228 0.429479 0.045743 0.057603
2 0.421643 0.427785 0.058450 0.054214
2 0.140195 0.503600 0.031766 0.039814
2 0.230093 0.500635 0.090851 0.042355
2 0.142418 0.595510 0.028590 0.037272
1 0.286955 0.578145 0.204574 0.080474
2 0.489941 0.560779 0.095934 0.054214
1 0.470246 0.888183 0.074333 0.044896
1 0.596040 0.950868 0.315756 0.044896
2 0.139877 0.693350 0.026048 0.049979
2 0.209127 0.697586 0.066709 0.060144
2 0.334604 0.691656 0.110546 0.056756
2 0.503283 0.688268 0.156925 0.055061
2 0.143689 0.795426 0.031131 0.045743
2 0.208175 0.796273 0.053367 0.045743
2 0.370817 0.792037 0.044473 0.050826
2 0.480093 0.792884 0.130877 0.055909
2 0.142736 0.900042 0.027954 0.051673
2 0.213575 0.897925 0.074333 0.044049
2 0.392736 0.888607 0.029860 0.050826
2 0.851758 0.947480 0.144854 0.061838