0 0.281766 0.125159 0.146760 0.059720
0 0.524301 0.125794 0.145807 0.071156
0 0.479034 0.225540 0.564168 0.072427
0 0.364199 0.310038 0.214422 0.073698
0 0.461881 0.408513 0.527954 0.080051
0 0.342757 0.492376 0.171537 0.069886
0 0.365152 0.597205 0.498412 0.066074
0 0.402319 0.670902 0.262071 0.063532
0 0.418520 0.752859 0.275413 0.082592
0 0.506671 0.852605 0.453621 0.078780
0 0.415184 0.930114 0.263024 0.060991
3 0.255559 0.125159 0.020013 0.026684
3 0.501906 0.130241 0.026684 0.031766
3 0.268901 0.229987 0.023825 0.033037
3 0.278431 0.305591 0.025731 0.031766
3 0.272236 0.417408 0.026684 0.039390
3 0.276525 0.486658 0.023825 0.025413
3 0.294155 0.602922 0.019060 0.031766
3 0.292726 0.675349 0.027637 0.026684
3 0.292249 0.749682 0.020966 0.030496
3 0.465216 0.858958 0.025731 0.033037
3 0.450921 0.930114 0.031449 0.033037
3 0.580051 0.851970 0.032402 0.047014
4 0.230007 0.124682 0.028590 0.044473
4 0.309224 0.126271 0.084578 0.042884
4 0.472423 0.129050 0.033355 0.051620
4 0.554618 0.128653 0.076239 0.052414
4 0.235963 0.229511 0.054797 0.052414
4 0.378316 0.309323 0.162008 0.050032
4 0.232092 0.414946 0.044671 0.053208
4 0.354491 0.491979 0.113167 0.051620
4 0.202013 0.598793 0.150095 0.050826
4 0.455746 0.599984 0.294234 0.051620
4 0.412861 0.671061 0.209657 0.049238
4 0.427454 0.749682 0.253137 0.057179
4 0.364616 0.856893 0.154860 0.054003
4 0.352704 0.931147 0.125079 0.048443
4 0.503395 0.854114 0.035737 0.054797
4 0.505480 0.932338 0.069687 0.042884
4 0.664211 0.858879 0.121506 0.057973
2 0.525731 0.231893 0.466963 0.062262
2 0.507624 0.409784 0.428844 0.059720
1 0.601493 0.239517 0.023825 0.024142
1 0.560038 0.420584 0.026684 0.025413
1 0.397554 0.601652 0.029543 0.026684
1 0.375159 0.676620 0.020966 0.024142