2 0.262230 0.188056 0.304003 0.121982
2 0.295108 0.334816 0.409784 0.128335
2 0.674873 0.351334 0.229670 0.110546
2 0.743011 0.541931 0.354511 0.113088
2 0.357052 0.698221 0.396442 0.110546
2 0.685356 0.704574 0.162961 0.085133
2 0.842122 0.368488 0.036213 0.068615
2 0.816868 0.717916 0.037166 0.060991
2 0.354670 0.819568 0.378335 0.081321
2 0.671061 0.815121 0.180114 0.105464
2 0.827351 0.813850 0.046696 0.057179
3 0.523348 0.350064 0.048602 0.069886
3 0.581957 0.712198 0.026684 0.041931
3 0.563850 0.822109 0.024778 0.045743
4 0.782560 0.719187 0.029543 0.050826
4 0.784943 0.811944 0.034307 0.050826
0 0.477128 0.340534 0.800508 0.155019
0 0.496665 0.696315 0.696633 0.124524
0 0.511436 0.821474 0.703304 0.105464