0 0.151207 0.146760 0.163914 0.064803
0 0.253177 0.214740 0.247776 0.053367
0 0.219822 0.283355 0.171537 0.053367
0 0.710133 0.143583 0.570839 0.101652
0 0.649142 0.248412 0.183926 0.069886
0 0.243170 0.379288 0.334498 0.057179
0 0.591963 0.380559 0.149619 0.059720
0 0.145489 0.463151 0.203939 0.090216
0 0.382783 0.443456 0.156290 0.048285
0 0.379924 0.482211 0.152478 0.039390
0 0.366105 0.517154 0.119123 0.035578
0 0.662961 0.444727 0.215375 0.055909
0 0.932656 0.440915 0.125794 0.055909
0 0.768266 0.506989 0.208704 0.045743
0 0.760165 0.544473 0.202033 0.039390
0 0.769219 0.607370 0.290661 0.050826
0 0.753018 0.664549 0.256353 0.053367
0 0.735388 0.705210 0.213469 0.035578
0 0.715851 0.799238 0.235388 0.066074
0 0.172649 0.583863 0.229670 0.057179
0 0.173126 0.653748 0.234435 0.057179
0 0.184562 0.749047 0.236341 0.054638
0 0.163119 0.822745 0.189644 0.069886
3 0.150023 0.154210 0.016461 0.028878
3 0.577567 0.156521 0.024258 0.033499
3 0.147424 0.217743 0.018193 0.031189
3 0.146991 0.282430 0.019060 0.021948
3 0.574102 0.248354 0.024258 0.032344
3 0.147424 0.382350 0.023391 0.025413
3 0.561540 0.381194 0.021659 0.027723
3 0.111904 0.450502 0.023391 0.023103
3 0.352316 0.445882 0.019060 0.025413
3 0.351883 0.486889 0.028590 0.015017
3 0.360546 0.516923 0.014728 0.017327
3 0.618719 0.445882 0.019926 0.023103
3 0.913711 0.442994 0.013862 0.028878
3 0.740874 0.507104 0.021659 0.025413
3 0.736976 0.541758 0.024258 0.027723
3 0.784192 0.606446 0.018193 0.027723
3 0.709253 0.669978 0.019060 0.018482
3 0.704055 0.706365 0.020792 0.017327
3 0.693225 0.802241 0.018193 0.028878
3 0.126198 0.586231 0.022525 0.031189
3 0.229294 0.646298 0.020792 0.031189
3 0.139627 0.753725 0.023391 0.028878
3 0.131397 0.823611 0.022525 0.027723
4 0.112611 0.153113 0.050508 0.039390
4 0.195438 0.149755 0.064440 0.049011
4 0.264189 0.213287 0.209203 0.045380
4 0.229700 0.282568 0.143856 0.038725
4 0.493813 0.152478 0.127519 0.047195
4 0.662401 0.249289 0.141586 0.054456
4 0.110350 0.380892 0.049465 0.045380
4 0.535563 0.381799 0.025867 0.041145
4 0.583893 0.449265 0.043565 0.036909
4 0.698705 0.445937 0.137956 0.047195
4 0.888395 0.441399 0.027228 0.041750
4 0.960549 0.439886 0.066255 0.044775
4 0.695529 0.508562 0.060810 0.035699
4 0.692579 0.545471 0.053095 0.029648
4 0.809887 0.509469 0.108005 0.037514
4 0.804441 0.542143 0.094391 0.033884
4 0.078357 0.449870 0.051734 0.050221
4 0.324772 0.447147 0.031766 0.042355
4 0.323637 0.483149 0.029497 0.028438
4 0.331125 0.513705 0.036304 0.031464
4 0.410087 0.446239 0.088038 0.038119
4 0.410994 0.481031 0.081685 0.031464
4 0.396019 0.514007 0.040842 0.030859
4 0.085844 0.586313 0.047649 0.041145
4 0.206556 0.583893 0.127519 0.044775
4 0.086525 0.654989 0.049918 0.039330
4 0.178874 0.653779 0.063986 0.038119
4 0.267592 0.654989 0.040842 0.050221
4 0.097416 0.754220 0.051734 0.047801
4 0.225389 0.751498 0.144309 0.048406
4 0.653779 0.607793 0.047195 0.034489
4 0.733875 0.610819 0.054910 0.041750
4 0.854586 0.605978 0.104828 0.039330
4 0.660359 0.674654 0.055818 0.044775
4 0.799449 0.663157 0.150663 0.047195
4 0.780390 0.707630 0.116174 0.042960
4 0.665124 0.712168 0.046288 0.035094
4 0.095374 0.821988 0.045834 0.049011
4 0.201110 0.820476 0.107551 0.055666
4 0.644703 0.804139 0.080777 0.052036
4 0.762011 0.802323 0.125703 0.053246
2 0.191233 0.469504 0.123888 0.095299
2 0.281766 0.386912 0.236341 0.059720
2 0.789231 0.129606 0.406925 0.099111
4 0.616741 0.381830 0.088628 0.049555
1 0.674396 0.123253 0.020966 0.027954