0 0.273189 0.073698 0.215375 0.058450
0 0.530496 0.149936 0.598475 0.073698
0 0.267471 0.221728 0.205845 0.072427
0 0.543837 0.300508 0.665184 0.062262
0 0.252224 0.369759 0.190597 0.066074
0 0.533831 0.451080 0.626112 0.060991
0 0.260801 0.529225 0.213469 0.062262
0 0.566233 0.604193 0.700445 0.087675
0 0.246982 0.684879 0.199174 0.055909
0 0.561944 0.761753 0.722363 0.090216
0 0.257465 0.848793 0.223952 0.060991
0 0.583386 0.918043 0.746188 0.082592
3 0.219822 0.073062 0.020966 0.031766
3 0.289867 0.148030 0.025731 0.034307
3 0.493329 0.154384 0.026684 0.039390
3 0.207910 0.223634 0.027637 0.038119
3 0.267948 0.300508 0.027637 0.031766
3 0.500476 0.304320 0.023825 0.034307
3 0.213628 0.375476 0.025731 0.031766
3 0.268424 0.452351 0.024778 0.027954
3 0.489041 0.454257 0.023825 0.031766
3 0.200762 0.532402 0.020966 0.027954
3 0.270807 0.604828 0.023825 0.038119
3 0.550508 0.605464 0.034307 0.039390
3 0.194568 0.688691 0.020013 0.025413
3 0.252700 0.768107 0.025731 0.036849
3 0.541931 0.763659 0.026684 0.033037
3 0.196474 0.850064 0.018107 0.030496
3 0.266042 0.928844 0.025731 0.040661
4 0.192291 0.076239 0.034307 0.042355
4 0.300614 0.074545 0.130241 0.044049
4 0.256459 0.151207 0.034307 0.038119
4 0.377171 0.148666 0.147395 0.051673
4 0.178632 0.224058 0.033672 0.055061
4 0.292990 0.224058 0.137865 0.048285
4 0.235493 0.301567 0.029225 0.042355
4 0.386701 0.298179 0.194409 0.050826
4 0.179903 0.371453 0.031131 0.046590
4 0.280284 0.373147 0.103558 0.049979
4 0.238988 0.450657 0.027319 0.045743
4 0.375582 0.449386 0.175985 0.049979
4 0.174185 0.529860 0.029860 0.044896
4 0.280919 0.528166 0.136595 0.049979
4 0.239941 0.607793 0.027954 0.041508
4 0.405125 0.601440 0.240152 0.071156
4 0.170055 0.687844 0.033037 0.046590
4 0.272025 0.687844 0.121347 0.044896
4 0.224058 0.763659 0.033037 0.045743
4 0.381936 0.760695 0.225540 0.065227
4 0.167514 0.847946 0.031766 0.049132
4 0.281872 0.847099 0.142313 0.045743
4 0.234858 0.931385 0.029225 0.039814
4 0.389560 0.915714 0.209022 0.071156
3 0.526154 0.914443 0.024778 0.031343
2 0.664867 0.153748 0.301144 0.058450
2 0.693456 0.305591 0.358323 0.074968
2 0.670108 0.456163 0.317344 0.076239
2 0.742058 0.599111 0.335451 0.072427
2 0.738247 0.759848 0.358323 0.066074
2 0.745870 0.909784 0.407878 0.076239