0 0.211245 0.174714 0.242058 0.077510
0 0.566233 0.182338 0.263977 0.069886
0 0.185991 0.282719 0.201080 0.074968
0 0.693933 0.272554 0.570839 0.092757
0 0.182656 0.403431 0.190597 0.080051
0 0.662008 0.396442 0.529860 0.073698
0 0.559562 0.482211 0.223952 0.074968
0 0.551461 0.564168 0.215375 0.073698
0 0.211722 0.684244 0.279225 0.069886
0 0.556226 0.681703 0.240152 0.080051
0 0.367535 0.847522 0.348793 0.073698
0 0.291773 0.938374 0.201080 0.074968
3 0.182656 0.178526 0.026684 0.036849
3 0.172173 0.290343 0.030496 0.036849
3 0.143107 0.409149 0.023825 0.038119
3 0.503812 0.183609 0.017154 0.029225
3 0.463787 0.292249 0.024778 0.030496
3 0.627700 0.292884 0.022872 0.029225
3 0.785896 0.275095 0.028590 0.034307
3 0.458545 0.406607 0.025731 0.027954
3 0.598158 0.403431 0.022872 0.026684
3 0.462357 0.483482 0.023825 0.031766
3 0.462834 0.560356 0.022872 0.035578
3 0.171696 0.693774 0.025731 0.025413
3 0.505718 0.687421 0.026684 0.035578
3 0.246506 0.855146 0.020966 0.033037
3 0.250794 0.937738 0.029543 0.035578
4 0.133577 0.175985 0.061944 0.052097
4 0.124047 0.285896 0.063850 0.053367
4 0.107370 0.408513 0.030496 0.052097
4 0.234593 0.288437 0.082910 0.063532
4 0.263183 0.177891 0.124841 0.063532
4 0.467598 0.182338 0.053367 0.049555
4 0.436150 0.289708 0.038119 0.045743
4 0.868329 0.260483 0.113405 0.066074
4 0.425667 0.401525 0.041931 0.048285
4 0.530019 0.405972 0.103875 0.054638
4 0.765407 0.403431 0.309720 0.054638
4 0.542408 0.481576 0.124841 0.053367
4 0.558609 0.562262 0.147713 0.052097
4 0.120235 0.690597 0.082910 0.057179
4 0.265565 0.686785 0.158196 0.054638
4 0.465216 0.681067 0.033355 0.055909
4 0.216487 0.854511 0.027637 0.052097
2 0.396601 0.850699 0.269695 0.054638
4 0.218869 0.941550 0.036213 0.043202
4 0.319409 0.935197 0.101970 0.058450
2 0.216963 0.409149 0.110546 0.066074
2 0.604352 0.183609 0.170584 0.057179
2 0.538596 0.287802 0.124841 0.064803
2 0.699174 0.275731 0.110546 0.078780
2 0.599111 0.683609 0.146760 0.073698