0 0.217916 0.111182 0.293520 0.082592
0 0.202668 0.174079 0.263024 0.058450
0 0.193139 0.236976 0.261118 0.072427
0 0.362294 0.325286 0.610864 0.081321
0 0.178844 0.416137 0.236341 0.067344
0 0.216487 0.490470 0.187738 0.055909
0 0.208863 0.556544 0.172490 0.053367
0 0.565280 0.535578 0.387865 0.092757
0 0.701557 0.618170 0.189644 0.074968
0 0.915978 0.617535 0.164867 0.076239
0 0.122618 0.716010 0.121982 0.049555
0 0.211245 0.753494 0.242058 0.048285
0 0.215057 0.799238 0.232529 0.045743
0 0.516677 0.714104 0.147713 0.086404
0 0.658672 0.803050 0.364994 0.071156
0 0.690121 0.877382 0.412643 0.067344
0 0.600540 0.952986 0.241105 0.063532
3 0.214581 0.118170 0.027637 0.043202
3 0.114994 0.173443 0.019060 0.029225
3 0.225713 0.179962 0.028935 0.029556
3 0.137865 0.240788 0.024778 0.036849
3 0.113564 0.327192 0.027637 0.031766
3 0.236499 0.332274 0.025731 0.034307
3 0.523825 0.336086 0.024778 0.031766
3 0.141201 0.418043 0.025731 0.038119
3 0.136912 0.489835 0.020966 0.024142
3 0.135006 0.554638 0.022872 0.029225
3 0.413755 0.556544 0.020013 0.027954
3 0.591963 0.552732 0.020013 0.030496
3 0.661055 0.622618 0.019060 0.033037
3 0.864041 0.620712 0.019060 0.039390
3 0.105464 0.721728 0.015248 0.027954
3 0.105940 0.761118 0.023825 0.017789
3 0.105940 0.798602 0.023825 0.024142
3 0.500953 0.714740 0.017154 0.031766
3 0.504288 0.815121 0.016201 0.029225
3 0.504765 0.890724 0.019060 0.022872
3 0.499524 0.953621 0.033355 0.031766
2 0.137865 0.112452 0.129606 0.059720
2 0.299873 0.117535 0.146760 0.057179
2 0.094332 0.237280 0.052207 0.050826
1 0.165599 0.174852 0.072924 0.040882
1 0.274570 0.178167 0.072095 0.037567
1 0.232722 0.237280 0.161593 0.058560
1 0.174507 0.328711 0.083283 0.058008
1 0.377767 0.330034 0.252291 0.066207
2 0.086855 0.323681 0.040627 0.052163
2 0.093125 0.418979 0.051160 0.059520
2 0.223283 0.418645 0.128904 0.054838
2 0.225540 0.490203 0.144453 0.042801
2 0.213753 0.553066 0.126898 0.045476
2 0.598960 0.329365 0.124891 0.052832
2 0.387798 0.555741 0.023574 0.033438
2 0.497893 0.536013 0.133418 0.079583
2 0.677958 0.549388 0.140440 0.054170
2 0.633067 0.618271 0.027586 0.043470
2 0.728115 0.617936 0.107336 0.049488
2 0.932956 0.611676 0.114888 0.050120
2 0.842157 0.619441 0.015883 0.040237
2 0.075798 0.721446 0.028060 0.040943
2 0.150184 0.720740 0.070945 0.039531
2 0.232246 0.751094 0.220246 0.046590
2 0.222716 0.794508 0.203304 0.043061
2 0.470493 0.729211 0.032825 0.053650
1 0.543820 0.711563 0.064062 0.060709
1 0.674326 0.806861 0.314485 0.060709
1 0.704504 0.878512 0.370606 0.054355
2 0.620323 0.952280 0.226599 0.064944