0 0.169521 0.043565 0.170226 0.045985
0 0.487788 0.040540 0.175874 0.025413
0 0.491418 0.063230 0.176681 0.027228
0 0.156612 0.093786 0.141183 0.027833
0 0.241322 0.130393 0.291241 0.036909
0 0.547085 0.119804 0.197656 0.047195
0 0.233658 0.181521 0.274299 0.029043
0 0.192513 0.205119 0.195236 0.029043
0 0.593473 0.175773 0.282366 0.035699
0 0.574111 0.203001 0.235574 0.028438
0 0.238499 0.364252 0.324318 0.054456
0 0.662092 0.433533 0.574325 0.049616
0 0.515621 0.505234 0.521974 0.050221
0 0.125956 0.532462 0.083096 0.028438
0 0.376051 0.600230 0.580061 0.059902
0 0.457131 0.662250 0.522781 0.053246
0 0.326032 0.732438 0.279946 0.042355
0 0.374841 0.795063 0.475989 0.051431
0 0.620096 0.848611 0.663157 0.055666
0 0.395817 0.911236 0.214598 0.033279
0 0.735060 0.696739 0.133116 0.026018
3 0.155402 0.042960 0.032270 0.024203
3 0.493435 0.044473 0.017749 0.015127
3 0.493435 0.061717 0.019362 0.014522
3 0.157419 0.095904 0.018555 0.013917
3 0.236078 0.132510 0.024203 0.018152
3 0.517234 0.127972 0.021783 0.015127
3 0.812509 0.120409 0.021783 0.018152
0 0.844376 0.123737 0.256550 0.032069
3 0.205421 0.180311 0.019362 0.014522
3 0.198564 0.201186 0.023396 0.016337
3 0.586212 0.176378 0.024203 0.018757
3 0.585002 0.198463 0.023396 0.018152
3 0.149352 0.375749 0.020169 0.020572
3 0.436558 0.444727 0.025010 0.012101
3 0.791130 0.435348 0.024203 0.018757
3 0.315948 0.515823 0.019362 0.013312
3 0.118291 0.534277 0.017749 0.016337
3 0.659628 0.507957 0.022589 0.014522
3 0.202194 0.607188 0.025816 0.020572
3 0.205421 0.668603 0.020976 0.015732
3 0.200177 0.733043 0.026623 0.022388
3 0.716101 0.697344 0.017749 0.013917
3 0.295779 0.805651 0.025816 0.018757
3 0.297392 0.858898 0.022589 0.019967
3 0.835905 0.851334 0.021783 0.020572
3 0.298199 0.911539 0.014522 0.013917
2 0.112241 0.044473 0.042758 0.028438
2 0.212682 0.045078 0.072608 0.029648
2 0.438591 0.060437 0.071243 0.018571
2 0.438591 0.041378 0.071243 0.020200
2 0.541980 0.042518 0.066899 0.022481
2 0.542197 0.061578 0.067333 0.024110
2 0.477688 0.125762 0.050392 0.026716
2 0.759538 0.122911 0.074936 0.023947
2 0.897636 0.121867 0.142467 0.025413
2 0.315833 0.130819 0.129375 0.028301
2 0.161815 0.129953 0.117054 0.025413
2 0.515432 0.178506 0.112036 0.023364
2 0.666544 0.176661 0.130071 0.029512
2 0.643044 0.198795 0.076512 0.022134
2 0.493572 0.201049 0.048640 0.021724
2 0.120094 0.202774 0.050826 0.020119
2 0.145860 0.180538 0.095299 0.021177
2 0.290220 0.183450 0.148242 0.028060
2 0.247512 0.203304 0.062826 0.023295
2 0.111270 0.372723 0.052944 0.029119
2 0.400342 0.444727 0.052238 0.024884
2 0.881890 0.425970 0.136343 0.033279
2 0.730219 0.494645 0.097618 0.029043
2 0.280047 0.514612 0.052439 0.032674
2 0.142091 0.604768 0.092777 0.030859
2 0.213489 0.802021 0.141990 0.030254
2 0.900446 0.841956 0.094391 0.030859
1 0.277223 0.367883 0.230734 0.046590
1 0.607592 0.437466 0.321898 0.047801
1 0.480930 0.506444 0.312216 0.041750
1 0.436962 0.596902 0.442105 0.044775
1 0.465041 0.663090 0.492572 0.041414
1 0.337035 0.733917 0.244090 0.033413
1 0.462218 0.796508 0.287386 0.044237
1 0.564183 0.848511 0.498847 0.045649
1 0.402607 0.912514 0.185734 0.026825