0 0.285578 0.076874 0.371665 0.074968
0 0.449492 0.155654 0.625159 0.072427
0 0.247935 0.233164 0.212516 0.057179
0 0.264612 0.362770 0.331639 0.095299
0 0.675826 0.380559 0.166773 0.072427
0 0.588151 0.483482 0.464104 0.097840
0 0.557656 0.601017 0.420267 0.088945
0 0.523348 0.752859 0.885324 0.100381
0 0.360388 0.851334 0.164867 0.066074
0 0.556226 0.933291 0.573698 0.064803
3 0.164072 0.076874 0.033355 0.036849
3 0.166455 0.153748 0.022872 0.030496
3 0.163119 0.227446 0.027637 0.025413
3 0.256512 0.381194 0.027637 0.035578
3 0.676302 0.385642 0.026684 0.036849
3 0.441391 0.497459 0.021919 0.029225
3 0.688691 0.498094 0.022872 0.040661
3 0.433291 0.614994 0.026684 0.033037
3 0.642948 0.609911 0.030496 0.038119
3 0.289390 0.777637 0.024778 0.030496
3 0.297490 0.858323 0.021919 0.034307
3 0.290343 0.936468 0.028590 0.033037
3 0.588628 0.930750 0.026684 0.034307
4 0.134530 0.068615 0.035260 0.053367
4 0.326080 0.077510 0.288755 0.063532
4 0.255559 0.152478 0.147713 0.058450
4 0.556226 0.155019 0.400254 0.043202
4 0.263183 0.228717 0.176302 0.045743
4 0.170267 0.374841 0.129606 0.060991
4 0.632942 0.378018 0.073380 0.057179
4 0.726334 0.385006 0.054320 0.058450
4 0.394695 0.495553 0.061944 0.055909
4 0.760642 0.496188 0.115311 0.059720
4 0.711563 0.608640 0.102922 0.060991
4 0.389454 0.610546 0.068615 0.064803
4 0.182656 0.771283 0.169632 0.055909
4 0.376112 0.848793 0.104828 0.043202
2 0.362770 0.362135 0.152478 0.096569
2 0.563374 0.477764 0.201080 0.091487
2 0.540502 0.593393 0.176302 0.096569
2 0.636753 0.750318 0.658513 0.097840
2 0.719187 0.931385 0.238247 0.068615
2 0.425667 0.938374 0.230623 0.064803
1 0.549079 0.160102 0.020013 0.025413
1 0.436626 0.734435 0.025731 0.027954
1 0.721093 0.733164 0.026684 0.030496