0 0.240311 0.243329 0.284943 0.082592
0 0.358482 0.345616 0.462198 0.088945
0 0.192662 0.488564 0.206798 0.095299
0 0.558132 0.480305 0.327827 0.109276
0 0.905019 0.483482 0.184879 0.087675
0 0.351811 0.625159 0.542249 0.109276
0 0.458545 0.735070 0.557497 0.115629
0 0.450445 0.867853 0.564168 0.116900
3 0.143107 0.264930 0.023825 0.034307
3 0.143107 0.339263 0.025731 0.035578
3 0.424238 0.353875 0.023825 0.026684
3 0.215534 0.488564 0.027637 0.031766
3 0.574809 0.491105 0.029543 0.029225
3 0.850222 0.492376 0.027637 0.029225
3 0.143107 0.617535 0.025731 0.035578
3 0.417090 0.633418 0.022872 0.041931
3 0.293679 0.759848 0.033355 0.043202
3 0.590057 0.736341 0.029543 0.049555
3 0.292726 0.897713 0.031449 0.036849
3 0.566233 0.875476 0.025731 0.040661
4 0.117535 0.261390 0.025186 0.052641
4 0.506557 0.351697 0.144309 0.057179
4 0.825467 0.485115 0.025867 0.044473
4 0.931317 0.483754 0.134099 0.067163
4 0.107324 0.619441 0.039481 0.060810
4 0.519491 0.613088 0.174941 0.062625
4 0.231553 0.753767 0.094618 0.055364
4 0.666523 0.713832 0.125930 0.051734
4 0.229170 0.893992 0.103467 0.059902
4 0.648825 0.849065 0.132737 0.062625
2 0.266518 0.250953 0.209657 0.064803
2 0.281766 0.351970 0.240152 0.086404
2 0.144060 0.490470 0.101970 0.111817
2 0.259371 0.496823 0.060038 0.106734
2 0.479511 0.483482 0.191550 0.115629
2 0.656766 0.498094 0.117217 0.096569
2 0.280337 0.625159 0.218234 0.101652
2 0.443774 0.724269 0.245870 0.099111
2 0.430909 0.867853 0.241105 0.088945
1 0.269854 0.242694 0.018107 0.020330
1 0.291296 0.341169 0.024778 0.026684
1 0.284625 0.617535 0.022872 0.025413
1 0.441868 0.719822 0.026684 0.029225
1 0.429956 0.859593 0.021919 0.029225