0 0.236499 0.132147 0.347840 0.076239
0 0.268901 0.217281 0.324968 0.081321
0 0.257465 0.289072 0.304003 0.064803
0 0.258418 0.365947 0.302097 0.081321
0 0.252700 0.439009 0.304003 0.072427
0 0.256036 0.517154 0.314485 0.078780
0 0.247459 0.594663 0.312579 0.078780
0 0.241741 0.677891 0.297332 0.074968
0 0.236976 0.764295 0.306861 0.077510
0 0.238882 0.846252 0.325921 0.081321
0 0.228875 0.926938 0.317344 0.085133
0 0.652954 0.288437 0.262071 0.083863
0 0.644854 0.362135 0.259212 0.078780
0 0.745394 0.467598 0.450762 0.081321
0 0.755877 0.665184 0.391677 0.074968
3 0.133577 0.127700 0.031449 0.044473
3 0.217440 0.209022 0.025731 0.034307
3 0.219346 0.286531 0.025731 0.034307
3 0.215057 0.357687 0.026684 0.039390
3 0.210292 0.437103 0.028590 0.030496
3 0.209816 0.517789 0.025731 0.034307
3 0.202668 0.595934 0.024778 0.035578
3 0.199809 0.682973 0.024778 0.039390
3 0.197427 0.760483 0.031449 0.036849
3 0.189327 0.845616 0.026684 0.039390
3 0.195044 0.932020 0.022872 0.036849
3 0.586245 0.288437 0.018107 0.027954
3 0.578621 0.369123 0.020013 0.031766
3 0.609593 0.476493 0.024778 0.027954
3 0.831639 0.477128 0.028590 0.034307
4 0.097840 0.143583 0.041931 0.050826
4 0.211722 0.135324 0.124841 0.049555
4 0.356576 0.137230 0.082910 0.060991
4 0.553367 0.288437 0.036213 0.048285
4 0.695362 0.289072 0.179161 0.059720
4 0.549079 0.365311 0.029543 0.049555
4 0.675826 0.364676 0.155337 0.045743
4 0.561944 0.474587 0.060991 0.049555
4 0.903590 0.470140 0.107687 0.050826
4 0.653907 0.665820 0.168679 0.050826
4 0.865470 0.670267 0.151525 0.057179
4 0.158831 0.211563 0.076239 0.047014
4 0.327986 0.214740 0.178208 0.048285
4 0.158355 0.283990 0.073380 0.052097
4 0.322745 0.287802 0.163914 0.047014
4 0.311785 0.360864 0.166773 0.060991
4 0.151684 0.360864 0.082910 0.053367
4 0.148825 0.437103 0.077192 0.048285
4 0.309403 0.444091 0.163914 0.044473
4 0.146919 0.517154 0.079098 0.050826
4 0.311785 0.517789 0.162961 0.049555
4 0.309403 0.599746 0.173443 0.063532
4 0.140724 0.592757 0.080051 0.049555
4 0.139771 0.677255 0.072427 0.050826
4 0.303685 0.677891 0.165820 0.049555
4 0.296537 0.759212 0.166773 0.062262
4 0.130241 0.760483 0.080051 0.059720
4 0.127859 0.842440 0.077192 0.050826
4 0.300826 0.843075 0.175349 0.059720
4 0.131194 0.928844 0.093393 0.055909
4 0.290820 0.925032 0.168679 0.053367
2 0.718234 0.470775 0.182973 0.064803
1 0.771125 0.668996 0.031449 0.034307