0 0.300296 0.178738 0.311309 0.076239
2 0.181809 0.186785 0.054003 0.048285
1 0.328081 0.181194 0.209657 0.064041
3 0.212389 0.190089 0.013342 0.018806
2 0.277573 0.194409 0.066709 0.032529
2 0.368869 0.196696 0.074714 0.026938
4 0.320648 0.192884 0.011055 0.014231
4 0.366582 0.165438 0.016010 0.019314
2 0.406417 0.167726 0.053748 0.026938
2 0.321601 0.163405 0.067090 0.023380
2 0.266137 0.164930 0.015629 0.024396
2 0.244600 0.162135 0.016773 0.027954
4 0.281957 0.166963 0.008386 0.014231
4 0.254320 0.164676 0.009530 0.010673
0 0.661748 0.278676 0.518078 0.099342
2 0.435197 0.298891 0.045917 0.048516
3 0.466602 0.298891 0.017760 0.021948
1 0.623195 0.280986 0.295426 0.076239
3 0.780438 0.278676 0.022525 0.032344
2 0.855377 0.264815 0.120423 0.054291
0 0.539178 0.398560 0.467598 0.091487
2 0.329521 0.409996 0.049555 0.049979
3 0.360017 0.411266 0.017789 0.025413
1 0.507412 0.398136 0.278272 0.075392
3 0.666561 0.394324 0.026048 0.037272
2 0.725964 0.381618 0.082592 0.052520
0 0.184985 0.437950 0.080686 0.044049
3 0.183079 0.438374 0.013342 0.021177
2 0.164655 0.443456 0.018424 0.036425
2 0.207539 0.441762 0.020330 0.033037
0 0.416878 0.542567 0.524142 0.102499
2 0.204680 0.554003 0.089581 0.054214
1 0.475964 0.537484 0.399619 0.080474
3 0.259000 0.554426 0.015248 0.029648
0 0.482634 0.642948 0.475222 0.083016
1 0.493117 0.647183 0.444091 0.074545
3 0.259318 0.651842 0.015883 0.031343
0 0.369864 0.756883 0.256036 0.070309
3 0.255506 0.757730 0.019695 0.033037
1 0.379394 0.758577 0.224269 0.055061
0 0.735811 0.692503 0.120076 0.042355
2 0.760353 0.692666 0.065732 0.035187
2 0.696454 0.692829 0.034210 0.033558
3 0.721500 0.693969 0.011973 0.013032
0 0.412961 0.859049 0.428163 0.084407
3 0.340466 0.875840 0.021783 0.023598
3 0.341146 0.963423 0.021783 0.028136
3 0.830913 0.941641 0.018379 0.028136
2 0.265928 0.873117 0.123207 0.049011
1 0.492603 0.858141 0.253903 0.073516
1 0.586881 0.943456 0.457433 0.068070
2 0.891836 0.926212 0.095299 0.053549