0 0.239358 0.104193 0.260165 0.063532
0 0.502382 0.108640 0.208704 0.062262
0 0.809720 0.095299 0.272554 0.076239
0 0.833545 0.174079 0.188691 0.081321
0 0.542884 0.170902 0.295426 0.057179
0 0.201239 0.170267 0.157243 0.066074
0 0.339898 0.254765 0.438374 0.064803
0 0.420902 0.343710 0.600381 0.074968
0 0.439485 0.435197 0.658513 0.074968
0 0.252700 0.531131 0.294473 0.086404
0 0.686309 0.526684 0.366900 0.085133
0 0.247459 0.651207 0.259212 0.082592
0 0.527160 0.639771 0.153431 0.054638
0 0.223158 0.787166 0.262071 0.069886
0 0.207910 0.864041 0.227764 0.066074
0 0.262706 0.946633 0.337357 0.076239
0 0.656290 0.786531 0.245870 0.068615
0 0.892154 0.794155 0.105781 0.048285
0 0.907402 0.851970 0.130559 0.047014
3 0.268641 0.106561 0.022525 0.031766
3 0.171393 0.162585 0.020359 0.025991
3 0.500390 0.112048 0.021659 0.028878
3 0.444294 0.172115 0.021226 0.024258
3 0.573163 0.175003 0.022525 0.028878
3 0.725858 0.112048 0.019493 0.018482
3 0.837400 0.111759 0.017327 0.029456
3 0.842598 0.174137 0.019060 0.024835
3 0.228572 0.254996 0.022525 0.027146
3 0.372387 0.261638 0.019926 0.025413
3 0.161213 0.345096 0.018627 0.021370
3 0.264526 0.343364 0.019926 0.027146
3 0.529629 0.353760 0.019060 0.023680
3 0.168361 0.441550 0.022525 0.027146
3 0.307843 0.441550 0.021659 0.024835
3 0.577928 0.443572 0.023825 0.027723
3 0.550205 0.535694 0.019493 0.025991
3 0.715028 0.535405 0.025124 0.031189
3 0.212328 0.536560 0.023825 0.030033
3 0.230955 0.665358 0.022958 0.028878
3 0.487611 0.644565 0.018193 0.026568
3 0.149301 0.791267 0.021659 0.031189
3 0.142587 0.862597 0.023825 0.025991
3 0.159048 0.957318 0.017760 0.027146
3 0.308493 0.953564 0.017760 0.026568
3 0.601536 0.791556 0.023391 0.032921
3 0.881584 0.791845 0.016894 0.028878
3 0.884400 0.854800 0.019926 0.021948
2 0.188173 0.102989 0.130910 0.048151
2 0.319334 0.107336 0.074233 0.050157
2 0.444727 0.107336 0.073229 0.050157
2 0.557330 0.111683 0.087775 0.045476
2 0.142781 0.161506 0.032101 0.035444
2 0.228800 0.168862 0.085769 0.046145
2 0.421404 0.170869 0.023574 0.044807
2 0.507925 0.170534 0.099311 0.040126
2 0.632315 0.172541 0.098308 0.046813
2 0.695763 0.110011 0.031599 0.039457
2 0.776015 0.112352 0.074734 0.040126
2 0.787551 0.170534 0.085769 0.042801
2 0.169866 0.254464 0.090283 0.054170
2 0.300776 0.257139 0.112352 0.050157
2 0.468551 0.256136 0.153982 0.044138
2 0.139270 0.343744 0.030094 0.053501
2 0.626045 0.349428 0.175048 0.048820
2 0.129991 0.434361 0.033605 0.055507
2 0.677958 0.443389 0.170534 0.052163
2 0.157577 0.536013 0.084766 0.060857
2 0.310807 0.531666 0.166522 0.066876
2 0.526985 0.538688 0.020063 0.027419
2 0.627800 0.519963 0.130409 0.079583
2 0.795325 0.539691 0.127399 0.042801
2 0.173377 0.657728 0.096302 0.056845
2 0.466294 0.641008 0.031097 0.035444
2 0.546295 0.641008 0.094797 0.047482
2 0.116950 0.787467 0.035612 0.052832
2 0.256637 0.792149 0.180566 0.062195
2 0.115194 0.861700 0.032101 0.038119
2 0.241089 0.864041 0.152478 0.052163
2 0.565355 0.790142 0.042634 0.042132
2 0.692503 0.788136 0.157493 0.051495
2 0.860530 0.794489 0.026082 0.032101
2 0.918461 0.796161 0.040627 0.034107
2 0.860279 0.851669 0.023574 0.035444
2 0.931753 0.853675 0.067211 0.036782
2 0.123721 0.950311 0.051160 0.053501
2 0.234067 0.951314 0.131412 0.046145
2 0.371497 0.951983 0.110346 0.046145
1 0.889621 0.099980 0.081255 0.067545
1 0.400338 0.346419 0.237243 0.057514
1 0.211998 0.344078 0.078245 0.046145
1 0.236825 0.442721 0.105832 0.053501
1 0.443473 0.442052 0.243262 0.061526
1 0.311810 0.650037 0.123387 0.070889
1 0.886421 0.170382 0.059778 0.056602