0 0.168361 0.263024 0.238247 0.076239
0 0.711086 0.270013 0.519377 0.097840
0 0.467122 0.390089 0.864358 0.088945
0 0.439485 0.483482 0.816709 0.090216
0 0.455210 0.566709 0.844346 0.068615
0 0.355146 0.788437 0.411690 0.092757
0 0.553844 0.878018 0.393583 0.094028
3 0.114517 0.257942 0.029543 0.035578
3 0.700127 0.270648 0.034307 0.053367
3 0.167884 0.390724 0.027637 0.044473
3 0.167884 0.481576 0.029543 0.035578
3 0.166931 0.566709 0.029543 0.035578
3 0.537166 0.393901 0.030496 0.045743
3 0.545267 0.482211 0.033355 0.041931
3 0.536690 0.567980 0.021919 0.040661
3 0.334657 0.795426 0.027637 0.040661
3 0.599111 0.880559 0.024778 0.030496
4 0.075261 0.264881 0.039586 0.060600
4 0.205014 0.260483 0.148079 0.065487
2 0.561284 0.266347 0.208191 0.075261
4 0.095421 0.385593 0.097498 0.053758
4 0.089923 0.479914 0.089434 0.060600
4 0.092855 0.569348 0.098231 0.051803
4 0.230305 0.787802 0.129753 0.068420
4 0.461587 0.786336 0.189131 0.067442
4 0.445093 0.883589 0.138550 0.074284
4 0.683706 0.879679 0.115824 0.070374
4 0.730256 0.784870 0.163474 0.066465
2 0.346093 0.394536 0.319250 0.074968
2 0.308450 0.484752 0.243964 0.067344
2 0.330368 0.569886 0.285896 0.085133
2 0.724905 0.391995 0.325921 0.057179
2 0.846887 0.272554 0.232529 0.074968
2 0.695839 0.480940 0.250635 0.067344
2 0.712039 0.569886 0.305909 0.044473