0 0.381830 0.167090 0.573698 0.105464
0 0.496665 0.266201 0.782402 0.085133
0 0.578621 0.382465 0.767154 0.094028
0 0.541455 0.487929 0.759530 0.101652
0 0.538119 0.617535 0.745235 0.142313
0 0.519060 0.817027 0.749047 0.109276
0 0.456639 0.925032 0.633736 0.088945
3 0.324174 0.171537 0.033355 0.050826
3 0.428526 0.278907 0.028590 0.057179
3 0.467122 0.388818 0.027637 0.038119
3 0.457592 0.486023 0.029543 0.036849
3 0.440915 0.612452 0.036213 0.038119
3 0.165025 0.819568 0.040978 0.048285
3 0.164072 0.921855 0.042884 0.039390
3 0.572903 0.824651 0.025731 0.038119
3 0.614358 0.932656 0.022872 0.030496
3 0.482846 0.932656 0.026684 0.030496
2 0.207433 0.167726 0.215375 0.091487
2 0.413755 0.170267 0.134371 0.081321
2 0.589104 0.176620 0.151525 0.083863
2 0.266518 0.270648 0.283990 0.076239
2 0.538596 0.285260 0.214422 0.080051
2 0.772554 0.283990 0.228717 0.087675
2 0.317503 0.385642 0.262071 0.072427
2 0.561944 0.386277 0.148666 0.081321
2 0.674873 0.400889 0.025731 0.052097
2 0.837357 0.392630 0.240152 0.073698
2 0.307497 0.484117 0.270648 0.086404
2 0.570521 0.484117 0.188691 0.094028
2 0.800191 0.490470 0.261118 0.104193
2 0.305114 0.604193 0.233482 0.123253
2 0.556703 0.614994 0.201080 0.114358
2 0.782084 0.636595 0.245870 0.132147
2 0.280337 0.823380 0.191550 0.088945
2 0.474746 0.830368 0.162961 0.108005
2 0.655337 0.813850 0.144854 0.087675
2 0.822586 0.812579 0.128653 0.085133
2 0.236976 0.921855 0.101017 0.074968
2 0.368964 0.921220 0.107687 0.071156
2 0.454733 0.925667 0.033355 0.059720
2 0.508100 0.924396 0.025731 0.057179
2 0.567186 0.928208 0.071474 0.067344
2 0.695839 0.927573 0.141995 0.071156
4 0.498553 0.182126 0.027001 0.043767
4 0.656590 0.289072 0.027531 0.038825
4 0.651124 0.400923 0.019561 0.037451
4 0.706296 0.394235 0.024577 0.034776
4 0.677767 0.489905 0.033884 0.032472
4 0.669102 0.623041 0.029860 0.034731
4 0.394783 0.826627 0.033355 0.046590
4 0.743947 0.824156 0.039178 0.036002
4 0.306170 0.919725 0.028590 0.039614
4 0.429778 0.929442 0.028029 0.030645
4 0.526478 0.936169 0.026347 0.032140