0 0.229352 0.209657 0.285896 0.091487
0 0.536690 0.327192 0.875794 0.115629
0 0.630083 0.442186 0.586086 0.119441
0 0.479034 0.544473 0.280178 0.085133
0 0.167884 0.667090 0.189644 0.101652
0 0.341804 0.772554 0.388818 0.109276
0 0.313215 0.869123 0.333545 0.101652
3 0.210292 0.215375 0.030496 0.034307
3 0.155496 0.339263 0.033355 0.033037
3 0.365629 0.318933 0.032402 0.043202
3 0.362770 0.480305 0.024778 0.025413
3 0.365152 0.559720 0.031449 0.031766
3 0.170743 0.691233 0.027637 0.033037
3 0.174555 0.778272 0.035260 0.036849
3 0.169314 0.874206 0.026684 0.035578
4 0.144271 0.218128 0.094504 0.081533
4 0.300323 0.211775 0.142948 0.068827
4 0.124021 0.336722 0.052414 0.066709
4 0.263792 0.325604 0.138183 0.086828
4 0.498068 0.543202 0.220775 0.066709
4 0.127197 0.689856 0.058767 0.065650
2 0.674873 0.325286 0.574651 0.094028
2 0.640565 0.447268 0.527001 0.096569
2 0.231734 0.672173 0.056226 0.081321
2 0.359911 0.766836 0.335451 0.067344
2 0.325604 0.869123 0.276366 0.073698