0 0.202192 0.091487 0.170584 0.086404
0 0.456163 0.105464 0.184879 0.081321
0 0.756830 0.106734 0.178208 0.063532
0 0.811150 0.167090 0.231576 0.057179
0 0.183132 0.185515 0.141995 0.060991
0 0.251747 0.262389 0.222046 0.080051
0 0.530496 0.233799 0.141042 0.066074
0 0.166931 0.379288 0.136277 0.064803
0 0.329416 0.466963 0.426938 0.090216
0 0.740152 0.372935 0.131512 0.097840
0 0.798761 0.501906 0.170584 0.096569
0 0.806861 0.594663 0.203939 0.068615
0 0.214104 0.554638 0.205845 0.054638
0 0.267948 0.632783 0.334498 0.091487
0 0.224111 0.729352 0.225858 0.063532
0 0.744441 0.897713 0.159149 0.059720
0 0.304161 0.827827 0.254447 0.052097
0 0.298920 0.870394 0.247776 0.050826
0 0.298920 0.907243 0.247776 0.048285
3 0.165978 0.094028 0.020013 0.035578
3 0.398030 0.102922 0.020966 0.038119
3 0.710133 0.107370 0.018107 0.031766
3 0.715851 0.167090 0.021919 0.026684
3 0.505718 0.230623 0.019060 0.029225
3 0.156449 0.188056 0.020013 0.030496
3 0.155972 0.254765 0.026684 0.024142
3 0.136436 0.384371 0.021919 0.029225
3 0.130718 0.456798 0.020013 0.039390
3 0.731099 0.387548 0.021919 0.038119
3 0.732052 0.497459 0.025731 0.039390
3 0.725858 0.594028 0.020966 0.029225
3 0.125476 0.724905 0.020966 0.029225
3 0.299396 0.827827 0.027637 0.024142
3 0.302732 0.864041 0.026684 0.020330
3 0.296061 0.902795 0.028590 0.029225
3 0.718234 0.897713 0.017154 0.031766
4 0.135959 0.088310 0.026684 0.049555
4 0.229352 0.094663 0.101017 0.062262
4 0.376588 0.107370 0.027637 0.039390
4 0.480940 0.102922 0.129606 0.058450
4 0.690385 0.110970 0.022872 0.047438
4 0.780601 0.107158 0.108005 0.039814
4 0.482952 0.238882 0.033672 0.049132
2 0.826027 0.167726 0.192503 0.044049
2 0.556650 0.230834 0.070521 0.051673
2 0.772978 0.373147 0.058450 0.083863
2 0.808238 0.501482 0.126429 0.084710
4 0.821898 0.593393 0.163914 0.055061
4 0.699598 0.393054 0.033672 0.044049
4 0.118594 0.380347 0.025413 0.045743
4 0.189750 0.387971 0.069886 0.064380
4 0.219928 0.557391 0.160737 0.045743
2 0.333016 0.462516 0.388183 0.081321
2 0.263448 0.633206 0.322745 0.090640
4 0.260589 0.257518 0.179797 0.067768
4 0.200233 0.189750 0.070521 0.047438
4 0.133842 0.186362 0.022872 0.040661
4 0.192291 0.730623 0.101652 0.041508
4 0.311732 0.729352 0.038119 0.049132
3 0.281872 0.728081 0.013977 0.026260
4 0.218975 0.828886 0.082592 0.034731
4 0.221199 0.867006 0.083227 0.031343
4 0.218022 0.900466 0.078145 0.032190
4 0.374947 0.830157 0.102287 0.044049
4 0.365100 0.864041 0.099111 0.040661
4 0.372088 0.905548 0.120712 0.047438
4 0.690385 0.896654 0.034307 0.039814
4 0.771389 0.894960 0.080686 0.049979